4.521165168394949627e-03
6.228958402892634553e-04
5.865607785957773369e-04
5.601709651514607310e-04
5.575840337727250339e-04
5.515868787947116568e-04
5.583967337312718783e-04
5.555760879358180322e-04
5.685119690685636268e-04
5.577358415118185194e-04
5.617740384414650909e-04
5.513302852339338521e-04
5.564931453372762033e-04
5.727873709123454914e-04
5.678304481749848250e-04
5.546098203858310614e-04
5.762762011581847510e-04
5.830016538808433348e-04
5.586094025937391122e-04
5.565490664289023505e-04
5.648798886895006885e-04
5.535795763450982810e-04
5.899223884568445932e-04
5.669905252925477044e-04
5.566609649642566661e-04
5.742725782955710638e-04
5.537175650178321204e-04
5.491396452817065696e-04
5.558037914465914281e-04
5.766281961635835685e-04
5.643870694842924134e-04
5.415499935292930177e-04
5.617514275032813465e-04
5.817757869582785776e-04
5.478736440961248962e-04
5.484951481166314537e-04
5.623614923186674329e-04
5.579081212466690349e-04
5.506682707438822089e-04
5.418155503780577604e-04
5.599141333452980259e-04
5.740155664322881034e-04
5.535310865446592529e-04
5.615193771771895617e-04
5.506400358129226414e-04
5.478675101737229877e-04
5.334040818461412104e-04
5.472960187793381778e-04
5.514550768049726040e-04
5.533846779330247939e-04
5.394705799862384082e-04
5.405017594744471795e-04
5.589687936573307925e-04
5.364810726188727228e-04
5.408918156242944987e-04
5.527784267441886775e-04
5.429415522406721550e-04
5.522563298937111908e-04
5.496548496481657407e-04
5.403480411754010447e-04
5.502451076954342638e-04
5.524731090652947128e-04
5.491432833930535821e-04
5.407718863454814969e-04
5.323582799702499197e-04
5.354203328358984838e-04
5.544193338661849210e-04
5.499879226444790922e-04
5.425924328282019345e-04
5.445025750666779643e-04
5.349798317405179190e-04
5.375004172896465223e-04
5.303661319756977285e-04
5.343807315209030866e-04
5.341229219094401114e-04
5.294733999100371914e-04
5.397956441308114379e-04
5.376567906674937884e-04
5.365866326968415619e-04
5.406196123955449686e-04
5.474695598418092765e-04
5.418636360092747182e-04
5.344528468947650759e-04
5.406129052023579424e-04
5.432162919023507180e-04
5.233546019247620586e-04
5.372573924499170423e-04
5.324565324588172166e-04
5.271306429092967663e-04
5.330751398933622357e-04
5.306104203024789544e-04
5.379990557739127745e-04
5.317974961928628166e-04
5.323307957066987939e-04
5.375324676833189005e-04
5.325748127403932830e-04
5.270914008016869094e-04
5.336111080050729002e-04
5.346246476044234659e-04
5.386814598586730065e-04
5.279140516711740543e-04
5.266838577431623165e-04
5.387229837091767753e-04
5.303771221355132450e-04
5.380958375993440948e-04
5.272758478772771864e-04
5.272315245182337181e-04
5.313379617354539687e-04
5.334531609126727568e-04
5.343091685217737485e-04
5.267478500643488172e-04
5.286523334229515812e-04
5.322929621171580434e-04
5.297758877578401292e-04
5.304178017130865841e-04
5.283205635334329003e-04
5.245018769514904000e-04
5.248538809049513440e-04
5.258857711498842076e-04
5.270833685194719048e-04
5.308757282412427964e-04
5.316208761888735262e-04
5.236768784118052541e-04
5.292052602070388984e-04
5.286206215201137400e-04
5.271107012672467595e-04
5.263617244445081096e-04
5.321166733918911975e-04
5.295497427841806609e-04
5.243891505652271664e-04
5.264265651570611011e-04
5.219506341004029109e-04
5.336851644618651304e-04
5.212323555150674172e-04
5.224821855611792723e-04
5.264707167055547327e-04
5.233485698318236313e-04
5.274643582458655392e-04
5.212008229387636669e-04
5.225200248661007740e-04
5.230973720882391631e-04
5.214192346144436120e-04
5.215406905076417580e-04
5.243193093439232856e-04
5.223362292339966744e-04
5.255924711159533965e-04
5.263864097587733510e-04
5.207738144606464774e-04
5.205415866150893108e-04
5.228327325516080081e-04
5.211458996239431421e-04
5.166675434549719472e-04
5.191720994754712992e-04
5.251516836340967744e-04
5.192316807899851391e-04
5.227598852922164070e-04
5.183787387487995496e-04
5.152676117690872370e-04
5.226838425984004725e-04
5.205589207246159736e-04
5.185101226267616308e-04
5.221697618344044341e-04
5.214568372515285266e-04
5.201173725378752848e-04
5.213454250892512239e-04
5.168981193486213823e-04
5.191999434847369794e-04
5.188963574756735473e-04
5.164353997237843301e-04
5.180786248981517203e-04
5.140548764023698466e-04
5.111181263563202310e-04
5.133863744347866775e-04
5.155234621687428825e-04
5.203811877278240530e-04
5.204673873513645686e-04
5.184244333498631233e-04
5.265079696667276151e-04
5.134943796644604336e-04
5.159737261493839780e-04
5.143336969008085015e-04
5.138574565861030695e-04
5.167985600033489849e-04
5.118287826022318047e-04
5.144007132822813648e-04
5.144944603957411679e-04
5.099544504757833746e-04
5.121952706557311285e-04
5.119878170652020525e-04
5.091277715721538848e-04
5.129894503305074127e-04
5.111127148282953872e-04
5.080372359838775413e-04
5.152559211648012833e-04
5.150911164431534782e-04
5.103383505076383676e-04
5.126278701015512303e-04
5.116818842652298823e-04
5.129197163016854192e-04
5.104890304999712934e-04
5.155355361884365493e-04
5.070175477986824065e-04
5.163248466045586727e-04
5.081933958107928782e-04
5.085822435908058823e-04
5.120978478154437040e-04
5.112540452854049235e-04
5.069008338902398613e-04
5.112803782133194114e-04
5.071274048310920549e-04
5.060606028750790856e-04
5.082398649299881563e-04
5.052136502651356992e-04
5.068428222074023923e-04
5.070442715610083868e-04
5.085365494520157573e-04
5.046545269028159713e-04
5.067020664272942629e-04
5.053366523627681904e-04
5.107131010490590815e-04
5.097992147690285324e-04
5.053618628422869470e-04
5.068974104644959110e-04
5.024758797782569219e-04
5.088979667085729089e-04
5.058826902317175179e-04
5.045203856413852002e-04
5.030390374752149269e-04
5.020541595078352589e-04
5.049039252518950803e-04
5.067170157425100047e-04
5.071527642661033917e-04
5.014300153564463410e-04
5.039560991211836571e-04
5.006752282512020235e-04
5.014974979422970412e-04
5.004554853702609290e-04
5.000704260988633612e-04
5.040657331050435149e-04
5.006156184147403593e-04
5.000049845407531423e-04
5.010387152966658481e-04
5.012102556978888408e-04
4.999767814646359065e-04
5.024513628769934322e-04
4.983387993471031282e-04
5.033269927392240630e-04
4.990720268661979955e-04
4.988595996660597984e-04
5.034390066101845701e-04
5.042051604147387584e-04
5.022175970056858875e-04
5.021933798257091413e-04
4.968285846519181811e-04
4.985281896580283584e-04
4.965232415641485835e-04
4.963358359062333214e-04
4.986330075026543761e-04
5.021700054930503757e-04
5.009106025301990469e-04
4.989868476514654943e-04
5.009058468550378661e-04
4.953501663909564388e-04
4.947758004381010329e-04
5.001891731602344741e-04
4.966920676800110849e-04
4.976870436873586561e-04
4.998977478261216805e-04
4.953463862355896507e-04
4.983596561289248229e-04
4.952455664807782531e-04
4.974692335360991540e-04
4.965851767523759902e-04
4.956638443722450032e-04
4.960400106988025219e-04
4.946213513978944994e-04
4.967541316033090553e-04
4.965264170464633994e-04
4.936307258943548265e-04
4.949112317236650013e-04
4.963486324819381054e-04
4.976769333341073305e-04
4.944384711835726667e-04
4.959458302702652146e-04
4.927766993047298996e-04
4.972072170553273234e-04
4.947637324247293250e-04
4.942788343815463989e-04
4.944934633189470479e-04
4.918484504346887047e-04
4.959457560155739516e-04
4.935897190304206058e-04
4.935413335874017440e-04
4.963993727652421918e-04
4.938263981327661737e-04
4.920197642087836094e-04
4.930813947603446702e-04
4.930557880510693346e-04
4.912561633852544638e-04
4.946791826809476648e-04
4.908527572375809712e-04
4.903751323525101704e-04
5.003848416681314429e-04
4.937952591418856823e-04
4.955458743440316512e-04
4.927418623946641348e-04
4.923333100477554451e-04
4.888597111459533394e-04
4.908575741849850738e-04
4.905306534403770921e-04
4.944325198688765159e-04
4.900673960072696829e-04
4.906367590430265897e-04
4.945388348878584873e-04
4.888981035238666511e-04
4.877579455619973116e-04
4.913306311425638846e-04
4.912541009830247813e-04
4.932065757886725400e-04
4.959619804231675142e-04
4.924825250503082766e-04
4.904552585726768259e-04
4.907407997898412689e-04
4.908271397311498229e-04
4.904915844687164975e-04
4.908262153717708525e-04
4.889974822947898469e-04
4.906061128162342039e-04
4.914860986552023513e-04
4.892036388785939204e-04
4.882067873632579065e-04
4.899153503492920591e-04
4.902459535479375971e-04
4.902914568841748198e-04
4.898521864899913489e-04
4.896567212466341286e-04
4.892211124847875136e-04
4.893581652445390395e-04
4.904061583644090229e-04
4.900820818460222298e-04
4.887448797604178850e-04
4.899992680424431358e-04
4.921905774571225809e-04
4.905976854486317250e-04
4.890401017947608193e-04
4.897758528548513219e-04
4.899833463495993245e-04
4.885797719425640688e-04
4.923527680030867363e-04
4.882394280057579636e-04
4.889244058156596781e-04
4.902545335077992169e-04
4.908744295408648756e-04
4.892837865669977032e-04
4.897283393532829258e-04
4.915664592803285337e-04
4.892934983564964976e-04
4.900966719877078610e-04
4.904794175352945786e-04
4.891513680952215733e-04
4.877428329414164082e-04
4.889778612668463928e-04
4.870391219271851284e-04
4.908192586285121386e-04
4.892003529872792364e-04
4.859353358333173747e-04
4.950544528791328298e-04
4.888001010379465191e-04
4.901200363669407393e-04
4.908398209259908895e-04
4.870750554241955687e-04
4.948487336318617381e-04
4.923191269329822055e-04
4.904635699646022178e-04
4.900479462209242788e-04
4.874305936682083568e-04
4.862355340828105926e-04
4.889046537218823653e-04
4.884165674822486727e-04
4.907222333951036675e-04
4.915099222982460218e-04
4.866549263377370330e-04
4.930567303647606040e-04
4.885926432578623817e-04
4.883261913475100751e-04
4.869397462111458609e-04
4.892810308224985723e-04
4.874079430456280016e-04
4.866811264541697651e-04
4.902669755165450912e-04
4.946607812434754671e-04
4.876424954541765913e-04
4.861224007407538594e-04
4.871356882426797295e-04
4.898515694228389823e-04
4.891249745319025104e-04
4.888948605076050844e-04
4.862403789153242812e-04
4.882208678177685853e-04
4.888170834899273256e-04
4.894769225599755443e-04
4.872346452909209215e-04
4.855825196363331223e-04
4.900244383494303585e-04
4.911647716066801228e-04
4.871030724401033559e-04
4.862477909171016499e-04
4.868513443428118103e-04
4.894875812406423521e-04
4.908591321693105006e-04
4.865247915290676103e-04
4.886045350965642934e-04
4.858217721049925674e-04
4.893085672033388065e-04
4.892468115129776232e-04
4.853687586059965073e-04
4.879522629642465623e-04
4.860244677962755598e-04
4.896956079306244132e-04
4.874518875279485060e-04
4.904180654064114672e-04
4.934417665354170167e-04
4.866218591429289611e-04
4.863444724453605474e-04
4.888507971240307198e-04
4.878979059699461388e-04
4.860543719836861822e-04
4.881466080285503176e-04
4.892398824350061796e-04
4.876854838548158231e-04
4.873814038370819402e-04
4.911088322407061203e-04
4.879518448557023020e-04
4.928547799617041987e-04
4.879427632709730620e-04
4.875935375550084056e-04
4.874949381738676859e-04
4.877902610323101235e-04
4.881164534117785818e-04
4.862703685069442701e-04
4.874020181128445642e-04
4.861866727535332712e-04
4.877497335976532138e-04
4.881356733641760513e-04
4.862531132813086715e-04
4.899611843209479567e-04
4.855599910991977648e-04
4.903169668910193702e-04
4.876444098157625110e-04
4.896062126108122713e-04
4.896063342954047951e-04
4.869055087792131917e-04
4.895306112167968583e-04
4.870155145020355243e-04
4.851792901288355859e-04
4.887636301335181958e-04
4.875525364614104336e-04
4.859921678816255170e-04
4.878040092997149631e-04
4.887944298415571737e-04
4.850018216041725953e-04
4.875155195894240547e-04
4.861370742145001435e-04
4.887314285731991260e-04
4.869834571774942899e-04
4.849027058926966174e-04
4.918099564762284676e-04
4.861432298508228610e-04
4.860110320515757007e-04
4.878309117808309276e-04
4.866620854209886523e-04
4.872193872061433405e-04
4.886782742527483181e-04
4.876527444668303448e-04
4.866635101638855550e-04
4.881407842592979914e-04
4.877562696494552679e-04
4.878359036453917981e-04
4.854854209111461789e-04
4.892205426471100353e-04
4.946174974921347658e-04
4.884797509283658181e-04
4.872112884599991405e-04
4.873761045315912047e-04
4.914382950334108624e-04
4.859760365720230220e-04
4.869563141299280474e-04
4.888024721871092777e-04
4.852443502854986504e-04
4.891541747803140276e-04
4.859521811808155747e-04
4.862557294774180858e-04
4.852896043981648933e-04
4.896676149594007300e-04
4.850561007070151951e-04
4.862746736982573098e-04
4.848394357234361027e-04
4.862914493976351767e-04
4.878413729737597127e-04
4.879129403434742706e-04
4.869704014991441880e-04
4.861269801151707460e-04
4.879692974397688223e-04
4.850003450898833978e-04
4.858249779357201852e-04
4.847704310942117420e-04
4.876381619284112542e-04
4.851736240368501735e-04
4.880481876312795322e-04
4.853673173925879638e-04
4.882288824172164470e-04
4.863091527117021523e-04
4.865394267698912073e-04
4.856463854077416962e-04
4.863764773164137769e-04
4.855925347677217722e-04
4.855125334163386697e-04
4.894082611251370169e-04
4.874798456185401151e-04
4.880277714316030944e-04
4.864267691589242498e-04
4.908919131651379338e-04
4.849028697346869938e-04
4.851092120683631482e-04
4.933517075364196982e-04
4.851105101677343607e-04
4.873980930363714650e-04
4.852124211206106617e-04
4.884172141413664191e-04
4.877828997610016799e-04
4.849162035464775282e-04
4.837707641946376491e-04
4.836243621679752326e-04
4.882524163505875788e-04
4.886079845680221150e-04
4.868692344896990510e-04
4.889597848366946222e-04
4.864421210755115574e-04
4.896413420171218415e-04
4.882168404333952160e-04
4.880700090387592779e-04
4.881325365156363423e-04
4.867852490524769878e-04
4.863247015923332218e-04
4.857863222171164195e-04
4.874235688446797599e-04
4.901809346111948591e-04
4.872213450634572214e-04
4.917492347913332779e-04
4.849854302835414420e-04
4.866281310329394530e-04
4.848585191209067551e-04
4.861635407717648382e-04
4.856205353131179728e-04
4.830926374807344484e-04
4.866766608766028056e-04
4.854056050574859444e-04
4.862108743067281936e-04
4.863686060993157993e-04
4.859743756170977207e-04
4.866064950940884436e-04
4.908555048163270890e-04
4.863187401884384430e-04
4.834047987234793868e-04
4.882619705016115626e-04
4.853184655770919525e-04
4.845342335935053308e-04
4.859435287539355121e-04
4.866867028004547230e-04
4.888379175944889939e-04
4.875300193130115470e-04
4.898612552215795115e-04
4.861017870824334221e-04
4.871845248872019971e-04
4.881447482346260936e-04
4.885547701584898100e-04
4.860829958288443928e-04
4.860075131970774420e-04
4.844225899065876398e-04
4.840583366348198929e-04
4.838541357456658263e-04
4.832500100286730516e-04
4.850648168241838152e-04
4.871164587086146609e-04
4.879547848565747754e-04
4.870620845423107807e-04
4.854797395188798132e-04
4.901369726950236590e-04
4.881952278442018090e-04
4.852519022235875267e-04
4.855566071541914499e-04
4.860778201734163939e-04
4.868502754664118227e-04
4.877154024632180816e-04
4.856601614762063842e-04
4.864984445098949600e-04
4.870735243939675703e-04
4.855698822928150192e-04
4.856831838474472943e-04
4.877782240235855617e-04
4.888190372126417511e-04
4.878016431321140797e-04
4.880646933144797963e-04
4.870152340475298225e-04
4.847054900392286933e-04
4.843634481559242876e-04
4.879994182297625908e-04
4.861942473106938022e-04
4.866598848765855425e-04
4.864253876046505435e-04
4.840337851567964368e-04
4.844631143057567813e-04
4.878812268469244506e-04
4.851210437985874571e-04
4.833501119407227625e-04
4.830713579062133030e-04
4.852239068084567334e-04
4.847950414716899561e-04
4.844431483798042489e-04
4.901711183640626579e-04
4.857257685088110072e-04
4.865224798450786849e-04
4.872778163994790431e-04
4.940486327451182064e-04
4.877513977141408898e-04
4.886511072251517119e-04
4.827037389540891248e-04
4.867200297832364260e-04
4.854956648581882110e-04
4.884287914143087142e-04
4.885640858540044951e-04
4.873369089648951573e-04
4.844552028320775862e-04
4.843362754097142731e-04
4.866830942552116158e-04
4.907616931656160917e-04
4.879074559863706673e-04
4.851984917260681739e-04
4.841941654496784457e-04
4.852870750512733463e-04
4.865908574440267116e-04
4.876571332552838249e-04
4.860042030929792329e-04
4.881125485848216848e-04
4.846715982488217873e-04
4.851550426457036181e-04
4.853199424405107293e-04
4.902434322083978847e-04
4.870107856839911886e-04
4.870443737736805797e-04
4.877528077709663147e-04
4.866892423173618701e-04
4.868174671802881189e-04
4.880822411495031781e-04
4.857840983780113676e-04
4.866971665375037503e-04
4.854710052017150498e-04
4.862232259329353208e-04
4.848012100452035429e-04
4.861938031176435133e-04
4.845341459878399872e-04
4.841259988543094488e-04
4.889002078572065018e-04
4.854881347665600646e-04
4.859220057164816099e-04
4.869116332039971845e-04
4.840994930264313546e-04
4.869286966702060862e-04
4.860853432436605778e-04
4.867901214112726571e-04
4.885396028377072359e-04
4.894786703414900041e-04
4.873996726020777257e-04
4.835810150948716048e-04
4.850879621795550919e-04
4.846239233588681508e-04
4.882471829594701410e-04
4.847164389370991230e-04
4.860672280439610679e-04
4.859089258415114315e-04
4.846628028792364720e-04
4.830339932268046840e-04
4.862560722321593960e-04
4.849090222159127051e-04
4.853534704475839920e-04
4.883683765852280456e-04
4.853239712343331534e-04
4.881779686035758845e-04
4.834304043853660383e-04
4.844312913118233076e-04
4.893893106425940180e-04
4.852298001256162606e-04
4.866447185482362090e-04
4.858529728659487668e-04
4.849199808958769438e-04
4.873031997466345088e-04
4.875570721913960437e-04
4.850351168452558901e-04
4.856354211772635245e-04
4.874641512446181821e-04
4.850671249425251262e-04
4.866945790831644220e-04
4.867338905253244786e-04
4.842137539600799095e-04
4.847500365599658758e-04
4.855037741170122219e-04
4.863979732252055152e-04
4.859433429814346683e-04
4.879235575908639133e-04
4.867727173594516878e-04
4.889892955162663006e-04
4.840606286673386971e-04
4.865240193255358065e-04
4.864394669729802724e-04
4.875016628170687478e-04
4.854646880961900656e-04
4.838872714442249640e-04
4.859214020132340611e-04
4.827085782231581431e-04
4.854881283076626828e-04
4.851978112628012232e-04
4.869412284796079127e-04
4.858259497573271511e-04
4.863762420806551703e-04
4.831312031303696547e-04
4.864746076872092872e-04
4.897955732748165156e-04
4.838039432175926698e-04
4.843170187793139378e-04
4.865044897275197836e-04
4.836583558104743828e-04
4.829757139102757476e-04
4.859702399152694111e-04
4.873302900950288478e-04
4.870734722184901443e-04
4.838228216792272800e-04
4.842262491852265794e-04
4.865810319546584649e-04
4.869124734748680799e-04
4.849569587558644505e-04
4.914117290647283766e-04
4.856551834087296485e-04
4.825825246876606781e-04
4.845628312054541973e-04
4.857320015775508652e-04
4.859614494625925018e-04
4.847519530227946947e-04
4.858704183478142983e-04
4.871588050567071302e-04
4.850137376944501895e-04
4.866949539610605628e-04
4.836935514285639354e-04
4.857153725546251781e-04
4.874617486350001430e-04
4.846070184686116400e-04
4.851023381399359783e-04
4.869965664472362412e-04
4.870460353719094880e-04
4.865117431630427871e-04
4.862164595234908545e-04
4.838562808883754493e-04
4.825493405570690673e-04
4.864572663106149259e-04
4.859524128153671209e-04
4.883235684953096721e-04
4.853580083111392902e-04
4.857912754931597091e-04
4.837739070236378967e-04
4.857796591370995955e-04
4.846325807091219880e-04
4.873750877724804340e-04
4.880319659908612388e-04
4.901384404552116799e-04
4.886104188611502990e-04
4.856682005244235354e-04
4.896715171711183302e-04
4.870599562806633524e-04
4.839347262306015261e-04
4.827803098421809200e-04
4.854886381209122417e-04
4.855603149362876128e-04
4.869185497456302871e-04
4.833426445243212241e-04
4.856723696618753098e-04
4.862328141758171678e-04
4.853202387933434653e-04
4.866834088759268385e-04
4.841261071846951263e-04
4.862166535425619003e-04
4.859910375487198463e-04
4.835944469797498761e-04
4.857236952932621177e-04
4.871117540580962701e-04
4.850347237253387371e-04
4.840430172228438383e-04
4.873024880492001247e-04
4.856000995136943083e-04
4.877510704601068512e-04
4.847568149303314736e-04
4.870736710348603040e-04
4.870213077386122873e-04
4.848942416111055084e-04
4.830580181333582815e-04
4.858440003389585490e-04
4.865148603116221915e-04
4.857723626519586308e-04
4.859273072945473771e-04
4.852201748038790737e-04
4.852495670121436061e-04
4.869669687535798232e-04
4.843887349849118379e-04
4.853480192448606173e-04
4.864084105059901172e-04
4.852662119883518251e-04
4.840898293004393480e-04
4.834189881225852184e-04
4.862475600745570260e-04
4.873536657983445109e-04
4.840347494850479114e-04
4.869006676772137730e-04
4.849966972417000480e-04
4.845083982496067713e-04
4.831891056778837867e-04
4.875230683400890819e-04
4.857708213094770315e-04
4.852423072631938247e-04
4.869895128722394784e-04
4.876501105944191020e-04
4.849952881999365726e-04
4.860863377166659330e-04
4.835087588536858961e-04
4.951056884027587581e-04
4.832684034717242604e-04
4.836611291019681327e-04
4.825833911626467858e-04
4.847168740527800761e-04
4.862883702427600922e-04
4.849600954233740011e-04
4.833042459784519010e-04
4.827569481008161015e-04
4.881155180095601170e-04
4.839108265645898784e-04
4.918809763428612543e-04
4.842049887352484747e-04
4.885324205438034122e-04
4.873978875833064224e-04
4.867535329277572422e-04
4.840251606732141692e-04
4.855725849405225923e-04
4.841820064524893609e-04
4.883458459565477063e-04
4.837869968940589397e-04
4.869126777221429890e-04
4.886045030800879093e-04
4.868637277107173999e-04
4.858907362804421579e-04
4.846955469222831176e-04
4.839595177804749686e-04
4.841573079650474316e-04
4.853196135766013716e-04
4.849550743256754101e-04
4.843925013270311509e-04
4.878481474164174337e-04
4.907338688239839273e-04
4.864184397771271129e-04
4.840662258126956466e-04
4.851600016953158136e-04
4.843054402229971943e-04
4.838212393107863040e-04
4.827676386815828754e-04
4.855419182152975028e-04
4.845026148274507146e-04
4.853675157434520176e-04
4.838516115225743180e-04
4.870810016765127095e-04
4.848867589332151742e-04
4.849592053045562092e-04
4.875260289945628888e-04
4.835033264102125343e-04
4.860364600420610521e-04
4.851072222107362776e-04
4.872491532319844841e-04
4.851161944952754167e-04
4.863758060048678196e-04
4.906255535801659325e-04
4.838660802188859554e-04
4.868993462023235379e-04
4.860213781707454247e-04
4.830805556476498968e-04
4.866853961344778609e-04
4.876480407828836659e-04
4.877573137473524925e-04
4.843645137899448743e-04
4.845996675903738236e-04
4.860339691705433253e-04
4.821027483593841594e-04
4.842037911916642666e-04
4.841116527024835465e-04
4.852768994107888815e-04
4.837390149672606238e-04
4.847926886421324703e-04
4.848266132539534199e-04
4.876652798774392316e-04
4.855364366641613263e-04
4.860726569961385272e-04
4.834675027241558810e-04
4.853585686124066954e-04
4.834469394762688668e-04
4.870749867264836074e-04
4.856965084428632577e-04
4.880048470203059976e-04
4.833038975535874741e-04
4.860907556542074502e-04
4.842072720912504714e-04
4.886199994070177877e-04
4.828831921996482100e-04
4.831847887228432224e-04
4.826762926907075791e-04
4.864839958659059179e-04
4.878221455700316751e-04
4.859841244369616717e-04
4.842490414057167643e-04
4.852644583653821161e-04
4.823281305333820845e-04
4.891075891779105792e-04
4.830865153543869076e-04
4.835490703516920298e-04
4.866216321214137676e-04
4.832961391829311061e-04
4.828641012021436742e-04
4.854018549789866936e-04
4.861777696419102793e-04
4.864000215232463522e-04
4.848790340402071397e-04
4.846631833205772831e-04
4.852832907322129170e-04
4.861462839621153408e-04
4.849538309943921032e-04
4.822057958777758286e-04
4.848203493777600770e-04
4.846037346462130665e-04
4.842166697934264380e-04
4.834261147529484793e-04
4.827881615015565397e-04
4.859850094740043478e-04
4.849994556240672930e-04
4.875983399262521882e-04
4.889277782652509674e-04
4.846250895066508729e-04
4.853514811912359138e-04
4.848731135782220541e-04
4.830194614317852016e-04
4.835038585160328774e-04
4.835663624395934181e-04
4.859079306411527859e-04
4.861771602362127708e-04
4.826384934548718763e-04
4.878822652973273215e-04
4.837487011603882042e-04
4.860869084594941487e-04
4.848121009132105061e-04
4.842306580453987607e-04
4.849190378515996183e-04
4.867348500983017081e-04
4.832952852054911278e-04
4.853804057113218968e-04
4.869488169987192883e-04
4.849946340894883121e-04
4.838687859925964031e-04
4.857136132130421150e-04
4.858738019048988222e-04
4.820995542600572774e-04
4.851284126343703381e-04
4.866487599204218973e-04
4.821491200520280191e-04
4.840398727387107457e-04
4.859497950320110964e-04
4.844553025312039823e-04
4.815896636427092407e-04
4.826032638225088295e-04
4.878761002086442144e-04
4.855355259014402809e-04
4.837185131241563980e-04
4.859462766688804180e-04
4.889539922983771264e-04
4.830399808768395440e-04
4.868397842677345006e-04
4.845794313896292695e-04
4.861958711996943925e-04
4.851524086310544286e-04
4.882500660295908349e-04
4.824092163168279437e-04
4.840597365151643491e-04
4.872345775888748038e-04
4.830613139813316184e-04
4.849739764505377020e-04
4.843335197363340342e-04
4.839951524096265624e-04
4.835818131889485418e-04
4.884153316604843056e-04
4.841064037298418651e-04
4.850387406681511875e-04
4.858823256064063469e-04
4.869818426115467714e-04
4.842483858017696571e-04
4.857739878178684093e-04
4.816519064141045674e-04
4.832090754636578526e-04
4.850455398666829085e-04
4.828665873474812333e-04
4.823497218192051824e-04
4.841486332035717160e-04
4.860976988589965023e-04
4.833645846487919602e-04
4.859586808487887364e-04
4.827766992150909651e-04
4.855578705959856154e-04
4.835721228741521891e-04
4.816167076409180086e-04
4.841216453990634114e-04
4.865956047950334299e-04
4.839846235211170281e-04
4.812637347461692916e-04
4.844616982490747119e-04
4.844942866191168681e-04
4.827457092055645826e-04
4.876327929295426597e-04
4.832464657685318172e-04
4.865653262404902985e-04
4.859604817109314137e-04
4.828991244956869384e-04
4.861830572935847022e-04
4.839512452550778993e-04
4.844176255909375130e-04
4.826831341403849162e-04
4.851114416002201340e-04
4.899214331177438597e-04
4.844872248395747723e-04
4.836191216358646486e-04
4.826331442044537695e-04
4.848192829355691736e-04
4.868512471037559188e-04
4.829759771669165183e-04
4.838782718402955311e-04
4.862206017456375206e-04
4.847309829290253930e-04
4.853726301492659119e-04
4.877786491276522559e-04
4.830253440972595742e-04
4.829970984305651687e-04
4.894793187203941732e-04
4.830888062425364986e-04
4.824426709484993148e-04
4.850745198046257727e-04
4.824900871334275045e-04
4.855193792495319637e-04
4.851773565295627562e-04
4.838632433049899913e-04
4.840865870697193350e-04
4.874494768107655546e-04
4.842602726977016884e-04
4.832057772816886177e-04
4.834487101774942691e-04
4.876329440250702966e-04
4.825798410416542506e-04
4.832497022224501587e-04
4.851176056609105545e-04
4.846125254383215294e-04
4.838586673636806898e-04
4.835939046069334039e-04
4.877407229864436241e-04
4.843162559020679171e-04
4.834061061943939626e-04
4.830255623032526707e-04
4.843176058892079507e-04
4.831302346739840391e-04
4.873556998370278184e-04
4.844202198953286172e-04
4.868372213203527249e-04
4.867327100244364635e-04
4.852430636459829092e-04
4.833441766956857242e-04
4.838201083054828947e-04
4.859993764313676103e-04
4.878051829246896737e-04
4.856782493080253086e-04
4.826326626157453501e-04
4.819675080089131768e-04
4.849325861841265054e-04
4.893421283001387744e-04
4.829792923818840289e-04
4.881933409539422099e-04
4.848468788430044325e-04
4.835038821598645073e-04
4.854962746097826417e-04
4.831458059861911823e-04
4.854756119698738878e-04
4.857923220640581754e-04
4.841846263564843363e-04
4.826113738539437111e-04
4.819960971253753400e-04
4.845916056386091243e-04
4.823057787366357070e-04
4.828750600760688084e-04
4.843102441168339010e-04
4.837053878591069376e-04
4.849729856530910648e-04
4.861988170290913779e-04
4.875849995521184285e-04
4.822008771849579825e-04
4.826057008698815998e-04
4.844828838592462098e-04
4.837151962217292535e-04
4.875111180027849947e-04
4.838947851267624443e-04
4.828569693122078507e-04
4.827535539470020291e-04
4.866023481974845045e-04
4.820605603124661592e-04
4.840928949524043253e-04
4.824534686764903415e-04
4.846479233576117757e-04
4.845961062228827643e-04
4.886315137234901844e-04
4.837143924090389624e-04
4.844180186720624544e-04
4.826308516223791760e-04
4.828139104067877318e-04
4.848574756986399263e-04
4.861162054749900829e-04
4.858603445432586290e-04
4.827047924073662099e-04
4.857114163991533293e-04
4.858970060853731992e-04
4.851043312787344615e-04
4.874986706924416889e-04
4.859535492903673828e-04
4.830672613586218665e-04
4.836111169930753855e-04
4.811013481219160600e-04
4.840122489041410862e-04
4.849861985173405002e-04
4.842873093900504919e-04
4.888704013646597967e-04
4.838384195705406894e-04
4.832407935732439710e-04
4.842524448825839085e-04
4.825959554475657879e-04
4.847215838755886347e-04
4.843593710367479453e-04
4.843073173634897190e-04
4.858237173063588692e-04
4.855364999535973555e-04
4.829177792363740195e-04
4.849548005595874316e-04
4.828759749669239948e-04
4.842150402472334141e-04
4.834147904405568567e-04
4.855987575209753178e-04
4.867755165026984134e-04
4.881901521174206019e-04
4.878932355179640577e-04
4.836281271620663570e-04
4.829887084683189545e-04
4.850521983078020139e-04
4.834584032109756537e-04
4.832629345506741884e-04
4.870596448829314792e-04
4.839888632732609018e-04
4.831586169376301306e-04
4.836581436657588513e-04
4.849584193879900623e-04
4.849859674808349808e-04
4.826679663347001846e-04
4.864331766114283724e-04
4.837250068149016782e-04
4.856537222561423247e-04
4.852066344754712556e-04
4.848547711210215863e-04
4.829147312768742109e-04
4.886486111296208142e-04
4.851792080639860953e-04
4.868212062385765841e-04
4.830727760835343775e-04
4.862242716310098386e-04
4.830312937826843544e-04
4.849143060756518292e-04
4.849363647263853173e-04
4.834045461314545079e-04
4.831767556195271638e-04
4.834862443560856982e-04
4.839095190419524621e-04
4.826142084435417487e-04
4.859355181371510790e-04
4.837333099925835486e-04
4.832808495439505354e-04
4.885196578433666703e-04
4.849303793230640147e-04
4.822514861373483684e-04
4.848310706625345466e-04
4.815446844501982695e-04
4.865512419972770866e-04
4.840252034286581027e-04
4.833694723531261088e-04
4.843915498648515452e-04
4.887584498262616869e-04
4.835777070596895062e-04
4.851786684583449466e-04
4.869445535025307067e-04
4.828663283224203929e-04
4.831361378378910615e-04
4.820879460923791025e-04
4.863621821439732471e-04
4.838487137308225918e-04
4.841814510939918361e-04
4.829868059383469027e-04
4.837043488429848830e-04
4.829541428868994808e-04
4.819442815391006729e-04
4.888328860067393550e-04
4.833378951011657381e-04
4.843698278170666420e-04
4.811000648023640888e-04
4.825153579121519939e-04
4.838663167638804848e-04
4.855781277186440562e-04
4.841140823146891431e-04
4.828713325616855521e-04
4.875626551808411990e-04
4.850490578612879559e-04
4.857490491583634157e-04
4.830980373355468196e-04
4.837730481454530153e-04
4.850256752432667768e-04
4.819244216483301317e-04
4.847948527251222644e-04
4.841127368888625132e-04
4.855684013497522846e-04
4.832648218579496560e-04
4.854444312677056524e-04
4.817692158665068543e-04
4.864625423892899540e-04
4.875152032909471698e-04
4.824726847787642490e-04
4.840218099407764003e-04
4.834235624216923579e-04
4.829761719295042489e-04
4.853100793162658765e-04
4.839702085358065322e-04
4.853476967945911155e-04
4.875832360015841982e-04
4.822632502980665346e-04
4.859158221336283860e-04
4.845437727254916518e-04
4.857703229334541808e-04
4.882633403438806389e-04
4.842113358820814960e-04
4.818839899850917412e-04
4.810955056677653245e-04
4.825949902012327845e-04
4.852968065374997880e-04
4.849230622263466395e-04
4.839857588711441827e-04
4.866825436681517848e-04
4.864061507614929076e-04
4.836694896080215994e-04
4.861690147131690512e-04
4.826626892474285757e-04
4.817683380803685906e-04
4.817361208318467767e-04
4.871954390499109565e-04
4.866451573459412488e-04
4.818969416777798566e-04
4.860724967585879227e-04
4.828785262119991662e-04
4.856099875037243191e-04
4.864639649048694051e-04
4.857926019593100078e-04
4.859428198592358433e-04
4.836832850952033015e-04
4.817633536283460766e-04
4.832601310368422431e-04
4.836597774532298312e-04
4.830189067553834412e-04
4.839097907132628557e-04
4.847668719378746857e-04
4.830923658934737925e-04
4.845234835895894840e-04
4.854454144036973772e-04
4.875427420122488333e-04
4.861009950884262617e-04
4.877989386062186344e-04
4.843440421724115553e-04
4.829350623471192041e-04
4.842927603050652618e-04
4.862036987206381448e-04
4.854808135611046000e-04
4.826474655195886455e-04
4.810057361230587829e-04
4.843178845107833606e-04
4.833586113195356042e-04
4.829554557596246202e-04
4.826254883194951726e-04
4.821182401120698967e-04
4.823506234205072085e-04
4.861967759205339246e-04
4.888256479878738854e-04
4.912903231067594677e-04
4.855313644771662050e-04
4.826997033781011597e-04
4.837024564636323255e-04
4.822915515959747684e-04
4.822699888870550467e-04
4.814017771493002700e-04
4.847862386798682042e-04
4.843550391370213758e-04
4.832926769617778878e-04
4.832495691297251125e-04
4.854989675659114037e-04
4.854759614518251330e-04
4.867986941234625758e-04
4.838776227792955433e-04
4.815154575903535890e-04
4.852661481396619266e-04
4.866294893894915837e-04
4.856101775756913822e-04
4.838301301123585849e-04
4.836098959640609428e-04
4.840628939397210225e-04
4.838539392956184076e-04
4.866716801809560901e-04
4.820793588072614668e-04
4.843025665050237037e-04
4.847337864881149185e-04
4.869342414428920029e-04
4.825385345566463643e-04
4.824101632079960656e-04
4.860289701649893085e-04
4.822034842713713264e-04
4.830030393683541409e-04
4.831287066145902314e-04
4.835151476374550581e-04
4.844345197713206060e-04
4.829660948793364672e-04
4.846874561350005147e-04
4.869200852951468205e-04
4.812899369638449229e-04
4.822459614687079417e-04
4.848476879023366033e-04
4.817172102567553616e-04
4.835264045807667480e-04
4.862796534337976277e-04
4.866262974819226530e-04
4.833143877081087151e-04
4.874279402445401248e-04
4.851417995138584613e-04
4.820139209764328606e-04
4.853921379784055198e-04
4.884599119304150862e-04
4.846264662216005423e-04
4.807632609555402624e-04
4.827203427879614406e-04
4.878755559867340558e-04
4.840933073552659144e-04
4.812844967813323339e-04
4.831185442184013465e-04
4.835740445254346244e-04
4.884449075917296230e-04
4.830325024402271658e-04
4.877552187047389247e-04
4.825622614552343807e-04
4.830577874880072646e-04
4.820581809716886963e-04
4.845027532185405350e-04
4.838780598992389209e-04
4.841288096901646986e-04
4.842742465674745866e-04
4.870669355460132462e-04
4.845860223582225987e-04
4.839871407777801798e-04
4.877953756256195447e-04
4.830690956596207742e-04
4.824825868083295276e-04
4.833523659860026697e-04
4.865637320598315604e-04
4.813526882489519115e-04
4.822168835999153958e-04
4.820436049147958047e-04
4.850468639503470718e-04
4.835201620855280290e-04
4.812892418015757572e-04
4.879533598809248198e-04
4.853015782661567411e-04
4.840212915415250858e-04
4.829672888184809577e-04
4.831822808474214598e-04
4.840828523335259062e-04
4.834373128549936745e-04
4.833739026492085201e-04
4.813818688038684927e-04
4.830406523176927107e-04
4.833155576607573649e-04
4.815027995803034151e-04
4.832482816335488172e-04
4.839023397544422208e-04
4.826829582243296474e-04
4.864023868438846531e-04
4.853711580637501974e-04
4.810523676360031167e-04
4.851345867163730434e-04
4.845409165351166202e-04
4.832757441767137653e-04
4.833993204308860599e-04
4.845739727388079839e-04
4.862152595359994821e-04
4.820381242170874709e-04
4.835065434324831244e-04
4.838347840194773134e-04
4.834311249629761513e-04
4.838510551005246064e-04
4.816571279833062173e-04
4.867307531918826122e-04
4.842377117690988930e-04
4.834416826449787204e-04
4.845921297532411356e-04
4.829914373427705572e-04
4.856724223125569759e-04
4.816536998022879134e-04
4.836599524996938629e-04
4.803594891463453084e-04
4.846412793601131237e-04
4.852111648876959856e-04
4.835495614509491020e-04
4.880194852998500743e-04
4.831223913775550935e-04
4.820177433861780303e-04
4.854402036639783829e-04
4.833619879328205347e-04
4.835319165772961471e-04
4.824318352979229687e-04
4.858445433130537052e-04
4.842857033422184399e-04
4.820846991742711333e-04
4.830136692619933368e-04
4.811448494197829106e-04
4.905391265633517184e-04
4.867013571302618606e-04
4.858688846021339252e-04
4.837636048495388996e-04
4.822076112902174598e-04
4.819430345807488854e-04
4.854775025033654162e-04
4.857124905868488284e-04
4.852381454574633806e-04
4.846571704168354741e-04
4.845374998559787106e-04
4.819283696057219618e-04
4.831957277610354198e-04
4.839624738122143971e-04
4.826004407606525521e-04
4.877415734047013565e-04
4.842020881245986388e-04
4.835035705099834753e-04
4.819012815105065488e-04
4.882095354172081019e-04
4.815874660594423500e-04
4.833994319228341664e-04
4.842041517326184548e-04
4.841340908894070541e-04
4.810672590603606272e-04
4.809190398723759709e-04
4.846084166097735135e-04
4.854148428453794115e-04
4.860049666781824382e-04
4.832409853746955910e-04
4.820481731493926679e-04
4.852922201869564649e-04
4.849098050614315293e-04
4.863099317103301801e-04
4.826674298841560420e-04
4.828356778414192598e-04
4.857267937795718758e-04
4.842674268737429816e-04
4.825755099016077604e-04
4.828182833001468891e-04
4.873368783287737507e-04
4.821568464417675575e-04
4.847617482865920345e-04
4.811175193615989561e-04
4.818783358087698802e-04
4.819109483495706927e-04
4.826085525603641480e-04
4.842908834684447905e-04
4.845737036116177783e-04
4.827909798307672808e-04
4.830615274126543097e-04
4.824184274609615128e-04
4.824427038022401472e-04
4.836773087239938087e-04
4.831962194454078358e-04
4.830161098782463245e-04
4.827030020772994493e-04
4.819022219266138945e-04
4.870454480001682363e-04
4.832781443812168517e-04
4.810613663994354442e-04
4.838733904461553948e-04
4.854738002879466349e-04
4.843499035377483303e-04
4.810257919563457681e-04
4.843224819267949953e-04
4.842977511545641829e-04
4.845568893107915932e-04
4.851170096676081013e-04
4.867609067548001869e-04
4.814904581758347826e-04
4.817329452299227229e-04
4.832086101773615987e-04
4.841184401405203459e-04
4.819645263775698771e-04
4.837370202282848474e-04
4.843687437599948848e-04
4.834273584204306284e-04
4.823605345371397945e-04
4.844023360166105742e-04
4.847839795495805242e-04
4.834081295846247728e-04
4.830832143438214287e-04
4.888184827495969378e-04
4.822125156363953275e-04
4.860320085783809640e-04
4.840539757250106301e-04
4.870605354155324281e-04
4.825092613336853754e-04
4.802218432768430166e-04
4.840749998853760214e-04
4.829349909371875253e-04
4.833480550308187499e-04
4.843792354047822069e-04
4.828345271426208603e-04
4.817400818460387140e-04
4.854391473303821592e-04
4.851238523844964923e-04
4.834513831718155420e-04
4.853231082247814738e-04
4.841124265126579580e-04
4.816067570920379163e-04
4.822017971155634158e-04
4.825908599981954591e-04
4.858958943791776204e-04
4.841665678677142359e-04
4.841805830673186184e-04
4.831692170970660000e-04
4.852337100957692479e-04
4.873447091341218270e-04
4.825224835015918309e-04
4.830993541327471786e-04
4.841025992065227596e-04
4.840664189718734268e-04
4.842254075792582868e-04
4.832665744884862328e-04
4.831143299171579745e-04
4.836417975315480044e-04
4.851535481350771986e-04
4.818374390855229201e-04
4.820459913254474134e-04
4.849678793095845027e-04
4.854872714725323832e-04
4.843121823323756864e-04
4.827914136436776255e-04
4.856873844970771895e-04
4.819784467755601097e-04
4.826172092026607464e-04
4.829743344216854404e-04
4.843693619456550443e-04
4.861579667239163322e-04
4.809544894757761171e-04
4.845610370640560864e-04
4.850585987130606996e-04
4.825058191163645693e-04
4.832656988456156830e-04
4.855280356623081664e-04
4.845583181010055564e-04
4.845083104887726896e-04
4.829459832144093897e-04
4.816678539845628288e-04
4.857876825035793711e-04
4.857100531644850043e-04
4.809195135539457962e-04
4.810945859052593123e-04
4.847933043063011507e-04
4.836632003585121238e-04
4.848645985499986256e-04
4.817866298394269764e-04
4.817188255177293817e-04
4.819148339582368396e-04
4.876979023555025913e-04
4.823695497225935253e-04
4.841166735900577934e-04
4.836163278233094861e-04
4.815867165105417011e-04
4.852552402192606903e-04
4.830603818893788436e-04
4.823324896458205014e-04
4.817280009084068740e-04
4.831379543591423514e-04
4.837358185371703925e-04
4.850628027117485507e-04
4.836878885143042922e-04
4.845082212570685784e-04
4.824996185522360185e-04
4.825004593468012830e-04
4.843990053720549009e-04
4.811866313804987567e-04
4.835326582190581477e-04
4.850942297700993645e-04
4.870550216054687887e-04
4.868339556462274002e-04
4.851676249657519997e-04
4.859060436862395549e-04
4.820275329281293046e-04
4.831125816378105658e-04
4.836556635978623057e-04
4.851530095897554711e-04
4.828410401648008140e-04
4.846997424836725827e-04
4.829303175531634651e-04
4.837919902941434716e-04
4.830606138019409687e-04
4.833411465676564281e-04
4.827082695376459331e-04
4.824592508993216333e-04
4.829008899922953841e-04
4.855972251427191850e-04
4.849711737869009422e-04
4.853053787971143380e-04
4.846321035912118662e-04
4.834815057818089195e-04
4.833483954580294222e-04
4.818662242156205276e-04
4.826433600691926629e-04
4.900826926417726874e-04
4.856883943220864468e-04
4.839208665746944234e-04
4.809335441217174210e-04
4.827595477520622716e-04
4.832605449364353362e-04
4.840848104753157346e-04
4.818724082833760174e-04
4.818011717786005845e-04
4.883924877170921176e-04
4.824490612742574525e-04
4.820922525153436959e-04
4.831456766207477488e-04
4.851660725804308517e-04
4.829727048657943907e-04
4.821880110872074176e-04
4.832227583856412898e-04
4.832168824279807462e-04
4.832092130789041994e-04
4.849213049892391329e-04
4.817785100291309430e-04
4.863998248566092750e-04
4.840561201435996199e-04
4.835949726266728374e-04
4.847223584745373112e-04
4.846014851299197744e-04
4.855793256760115298e-04
4.823001341969370510e-04
4.855151371892536122e-04
4.818737424627040689e-04
4.818977059871036952e-04
4.812459616482094049e-04
4.866987180047434238e-04
4.820965479601223725e-04
4.827353522698429400e-04
4.811505394821007152e-04
4.843390472335707049e-04
4.842355470686669121e-04
4.803557859546567351e-04
4.834313306681903527e-04
4.837804674660209771e-04
4.827687681707586750e-04
4.833636379224906022e-04
4.834137527562994878e-04
4.830786909174211610e-04
4.891858611611323666e-04
4.831976022248677814e-04
4.822848140834691804e-04
4.837971502031804629e-04
4.838949023890467996e-04
4.843878355107141855e-04
4.803144735538419420e-04
4.842136891706797191e-04
4.833096727905943036e-04
4.847382217754573393e-04
4.844407923369614937e-04
4.855055099376055501e-04
4.852285772959983147e-04
4.838234529701777300e-04
4.816863849329491181e-04
4.828834552526301135e-04
4.837099860606601802e-04
4.828255662209567718e-04
4.867420207157604562e-04
4.816813708404710953e-04
4.821007211804507618e-04
4.819730948452491826e-04
4.833008459637864736e-04
4.828928525280921317e-04
4.856269274200835620e-04
4.845166788664053044e-04
4.834177459712306248e-04
4.839730881437254552e-04
4.836811210510057191e-04
4.818137736693020611e-04
4.830883792732126153e-04
4.830105406470930926e-04
4.850877723177123187e-04
4.853245143732950735e-04
4.823003331555452116e-04
4.855311072139167103e-04
4.846760566175092573e-04
4.820211296781109806e-04
4.835397546529446333e-04
4.849856453376701895e-04
4.817834423703295545e-04
4.817400884310107023e-04
4.821780693538494766e-04
4.895451477315310856e-04
4.819087055087644951e-04
4.832939708166384871e-04
4.832732401449501419e-04
4.814774621081293888e-04
4.818013886010060463e-04
4.831579304357143780e-04
4.832803861196787593e-04
4.839141915337564679e-04
4.807726890449211883e-04
4.867029021095100206e-04
4.863361552507721721e-04
4.824972647367107149e-04
4.832378833033421669e-04
4.845419704151076538e-04
4.826744158443890820e-04
4.829516834758369260e-04
4.832745539098953357e-04
4.860898919593272405e-04
4.824659743658266391e-04
4.851134970457195400e-04
4.829035186988817735e-04
4.837805796109707164e-04
4.819333387316019940e-04
4.809220213808773755e-04
4.824195354237120303e-04
4.829952555726586914e-04
4.826057307333921900e-04
4.875207846769824289e-04
4.835300847363677981e-04
4.830065813979452123e-04
4.816027027955920958e-04
4.843827858813697443e-04
4.842117114226772955e-04
4.835147141187186868e-04
4.806545856330414739e-04
4.805975521498912178e-04
4.837425361266607031e-04
4.859330855961361607e-04
4.845119695284989575e-04
4.851281182631712635e-04
4.820017727376074311e-04
4.816028283884963906e-04
4.816787287214897048e-04
4.849098817600299566e-04
4.828680725641487127e-04
4.827960282381581398e-04
4.809858614944937608e-04
4.826941880680733050e-04
4.838982758084424581e-04
4.851228950420694800e-04
4.817230164434536770e-04
4.814529933123975016e-04
4.830802089361066324e-04
4.841061595007636604e-04
4.834473290208403796e-04
4.828002581209257555e-04
4.831424258363528233e-04
4.845203380903944420e-04
4.862197710822956987e-04
4.827634744901335303e-04
4.810584032008413950e-04
4.816191141459170814e-04
4.821506945456571899e-04
4.833578285322049891e-04
4.843790426399915863e-04
4.825357617047973001e-04
4.848806872463951880e-04
4.852943893581867433e-04
4.828144926482636303e-04
4.832318195398242235e-04
4.850868455726145556e-04
4.844307161984098722e-04
4.832028113741075625e-04
4.818375979653473644e-04
4.841287714152171968e-04
4.845692126057790801e-04
4.841673966173087396e-04
4.828546936338241609e-04
4.843758397122118159e-04
4.832756283432745707e-04
4.835521583899756088e-04
4.866012425364031504e-04
4.841315988799854827e-04
4.828840172704512842e-04
4.874878250755087183e-04
4.815560051581501745e-04
4.818375523748418725e-04
4.807360824907168937e-04
4.828702938235740765e-04
4.832618524396766467e-04
4.852060300481030736e-04
4.829341097405703853e-04
4.834727217395392088e-04
4.808583904863998029e-04
4.842966395194876045e-04
4.831552044286511766e-04
4.830119429875081075e-04
4.820188714271126176e-04
4.819906491844274722e-04
4.813771794051408719e-04
4.829394045946588747e-04
4.853105786879546250e-04
4.830075265014405141e-04
4.835793394926669831e-04
4.835296529632793780e-04
4.828272324968756104e-04
4.830599995019638714e-04
4.824472051785207096e-04
4.867444738327923390e-04
4.845017108759893418e-04
4.839875070050209333e-04
4.826916862700925018e-04
4.829694885838078282e-04
4.837875144722092002e-04
4.826359092881695291e-04
4.828912182104613598e-04
4.838658929949111879e-04
4.825872805018272026e-04
4.823324347904501467e-04
4.857459937152062502e-04
4.815252804224577242e-04
4.832587749819592759e-04
4.821302899319107756e-04
4.834968513979002406e-04
4.849453859763493244e-04
4.814468526692510268e-04
4.823643442747739367e-04
4.812403519503506656e-04
4.876026447619702798e-04
4.832313668415892595e-04
4.821239942784594701e-04
4.823267898014088335e-04
4.842061453369230438e-04
4.812599769318634708e-04
4.833239314886908348e-04
4.846066410142684682e-04
4.825942032308124766e-04
4.827026556728608955e-04
4.841539190902020818e-04
4.843959930334711941e-04
4.803826976521473249e-04
4.845217242997293156e-04
4.841377947340972602e-04
4.828418679219620771e-04
4.812762164910346172e-04
4.830553978963971211e-04
4.830175565742825120e-04
4.799458466484310100e-04
4.827649615623601188e-04
4.827645005173418209e-04
4.808584253476357712e-04
4.822513959035130450e-04
4.822857350970228521e-04
4.809361497146319182e-04
4.864212102173958558e-04
4.844454330385767997e-04
4.816900377239022942e-04
4.815238543089038698e-04
4.818844884063721180e-04
4.820368834008303288e-04
4.815968668779231653e-04
4.857748668679851239e-04
4.847293852279766749e-04
4.835685053905450356e-04
4.827932777532315174e-04
4.824049780969750741e-04
4.816326338013274602e-04
4.839099163578900451e-04
4.841396813172520945e-04
4.814617185942177981e-04
4.819212976367681601e-04
4.826705127986395823e-04
4.832007682936144736e-04
4.857505201480001545e-04
4.851852080757945609e-04
4.837351254244212856e-04
4.823056800978287864e-04
4.834922971996059339e-04
4.803380097727187885e-04
4.838518133194767484e-04
4.828540017333305561e-04
4.852531564910319358e-04
4.838689407701481267e-04
4.837172012729585766e-04
4.841130387307882618e-04
4.813734325981151537e-04
4.847649025948438592e-04
4.830037304186525601e-04
4.835291196031786098e-04
4.834296341440718443e-04
4.823817363850698803e-04
4.834009718106091306e-04
4.839005108520212195e-04
4.822213170737235763e-04
4.849794458176977740e-04
4.857859402822768701e-04
4.842658103390924847e-04
4.848972898195217643e-04
4.819434740702477696e-04
4.835594458268413693e-04
4.813782855640551749e-04
4.826981748467358774e-04
4.860507120161803598e-04
4.835677795371989113e-04
4.812788696528556105e-04
4.813016693990280212e-04
4.851045100783415260e-04
4.855559385839593417e-04
4.832603078580483035e-04
4.839581014393169517e-04
4.809245358994593896e-04
4.844832550324895009e-04
4.806864055074373874e-04
4.807576121842617304e-04
4.841465532252533913e-04
4.850936148462147118e-04
4.859046887337009320e-04
4.829416645783745059e-04
4.828041639532465760e-04
4.827636312396209437e-04
4.836970512878264170e-04
4.856785112457321306e-04
4.836226577108566015e-04
4.824298523646996400e-04
4.826923503081053377e-04
4.812126448257452761e-04
4.825711029745790573e-04
4.813062883770244382e-04
4.810574168806584783e-04
4.829482213290354196e-04
4.867652153889188917e-04
4.843351358442705827e-04
4.831466134388806913e-04
4.902289766852629353e-04
4.808779797015257942e-04
4.846855778113466195e-04
4.846657348113362447e-04
4.841854081481490536e-04
4.818559447608062088e-04
4.841917692633983424e-04
4.823674501865528427e-04
4.803098984400991172e-04
4.825164011275271899e-04
4.853028705531668360e-04
4.812796830181193691e-04
4.829428966922533662e-04
4.805913195207960997e-04
4.819635943405727084e-04
4.820795707644814714e-04
4.823191539526093833e-04
4.827841980337594123e-04
4.827364592304622453e-04
4.850710106966618770e-04
4.828066111059813145e-04
4.862130340191327680e-04
4.806120221101812520e-04
4.841918719850818236e-04
4.816141065737574150e-04
4.873327913757806505e-04
4.830909903649181509e-04
4.830025159778427628e-04
4.839829203376748738e-04
4.836259421894895192e-04
4.823066090573133180e-04
4.798711179361499820e-04
4.817149287142876595e-04
4.827993587275451292e-04
4.848638164641598807e-04
4.865914518145231086e-04
4.827611162684635067e-04
