1.265103508098593859e-03
8.609518488299291604e-05
1.239602891501000214e-05
7.431643799634350052e-06
5.855267192945764032e-06
4.793961888277223714e-06
3.949763367548687254e-06
3.270542085459734705e-06
2.685792079307656278e-06
2.204383557013236990e-06
1.803502652828427929e-06
1.483333011581454077e-06
1.237590734974361132e-06
1.054386967924960895e-06
9.026289270142764777e-07
7.841398934912942648e-07
6.978039557229318887e-07
6.358819583224223593e-07
5.885473060382884643e-07
5.459374828401688586e-07
5.143330254982929015e-07
4.927471008025747592e-07
4.682850412368315542e-07
4.489651252581742400e-07
4.309306433397219506e-07
4.163301413300957855e-07
4.038240083745779335e-07
3.958969348862789882e-07
3.838313980421229539e-07
3.742659830303113013e-07
3.664084612154040643e-07
3.582227875018131148e-07
3.519008394359488467e-07
3.484470965579232654e-07
3.402653862190383333e-07
3.357863796011355355e-07
3.356029665473261413e-07
3.357504875564953443e-07
3.292254547277329267e-07
3.233385433820563195e-07
3.222880797196127511e-07
3.148633270441237993e-07
3.100178971536360675e-07
3.098227975383496691e-07
3.048652463260703255e-07
3.011907613532700396e-07
3.009217321095482602e-07
2.936007713529276855e-07
2.931671837074235701e-07
2.895811999253500219e-07
2.888591987704972831e-07
2.850593855660655860e-07
2.854934500952114452e-07
2.872319589883035579e-07
2.811137434780655337e-07
2.797084561646422066e-07
2.811903468165454023e-07
2.788185880785782583e-07
2.779053564239647860e-07
2.715538854897415103e-07
2.670203405347454329e-07
2.704788584809393888e-07
2.676073795781349469e-07
2.637722666453167624e-07
2.681231958507453776e-07
2.671077254101927715e-07
2.597167045226492993e-07
2.647412554857585456e-07
2.636047489557650540e-07
2.693402441795483665e-07
2.634703065215103648e-07
2.634713962129437101e-07
2.568235396913898683e-07
2.615303375499371384e-07
2.587559308647743454e-07
2.575688870849050826e-07
2.663205757796875677e-07
2.607065277293989814e-07
2.602317064736653135e-07
2.539344272314387460e-07
2.566562711755929963e-07
2.561125196994720396e-07
2.513251338517074987e-07
2.568586058459190531e-07
2.464391682092398768e-07
2.510843249046345337e-07
2.558378285547973714e-07
2.475695405574214356e-07
2.548514320960662836e-07
2.569782574795779241e-07
2.552417605770697626e-07
2.479999613432326408e-07
2.514807058933130167e-07
2.454254516514458504e-07
2.497229362110263986e-07
2.548583841478456386e-07
2.495769303113188298e-07
2.492348963427675403e-07
2.476605336751111563e-07
2.422522190965736058e-07
2.503682601587356411e-07
2.540091596839827075e-07
2.496446979849789289e-07
2.465802548755015625e-07
2.484729709336065714e-07
2.442741004323105281e-07
2.448731904430796784e-07
2.433168672203410644e-07
2.486073991143881885e-07
2.471489370366581515e-07
2.500802813976787794e-07
2.415039507070944955e-07
2.472308551590355202e-07
2.423291521590833963e-07
2.502033044402075472e-07
2.487537459404400151e-07
2.446655835424973369e-07
2.383107943555457749e-07
2.429219999647091230e-07
2.422747679299727648e-07
2.473301810275573169e-07
2.425300775334385894e-07
2.415851712206185594e-07
2.486400296707960770e-07
2.482972772687989596e-07
2.395125287781341926e-07
2.410749924554756394e-07
2.414583105591091407e-07
2.412726754788197361e-07
2.459197736393081671e-07
2.496836398529870214e-07
2.447867423175632901e-07
2.410777284230489669e-07
2.386111654191470886e-07
2.444112426385248371e-07
2.392480416632635005e-07
2.433501673411442555e-07
2.415926472493253141e-07
2.415868411404765069e-07
2.377382200791562993e-07
2.400512349999029771e-07
2.456057429042160352e-07
2.459590416356195344e-07
2.360644833179383370e-07
2.408715502618795288e-07
2.422514544001109108e-07
2.414842960958596537e-07
2.356668790434802391e-07
2.386084704630619000e-07
2.391521194436102437e-07
2.439959408999030008e-07
2.425615649960320564e-07
2.357242975923472584e-07
2.375862432070064900e-07
2.409471811930689197e-07
2.335204719687443329e-07
2.357317212809749402e-07
2.482690958132588701e-07
2.365360865782633470e-07
2.349273795879430337e-07
2.332796221490875797e-07
2.381327200892402371e-07
2.421678791402260789e-07
2.373928141666379305e-07
2.381752093673092374e-07
2.384191805807631409e-07
2.390471859857082475e-07
2.370121696593999915e-07
2.457536363820498115e-07
2.392074033257388931e-07
2.383360725364666171e-07
2.379631862340838658e-07
2.352810909076706164e-07
2.384530963663663950e-07
2.400442721135899333e-07
2.381864491763236461e-07
2.403131594334441071e-07
2.351899385835798566e-07
2.345013616241981425e-07
2.330785962474965776e-07
2.364662445160077132e-07
2.357529787307721759e-07
2.310481539380419435e-07
2.367621754143902882e-07
2.390632303074410789e-07
2.382094629507535287e-07
2.397131149498209120e-07
2.406921991164199168e-07
2.368741620021891958e-07
2.351432957929466789e-07
2.331468248955232144e-07
2.436275466292806921e-07
2.315282612039676521e-07
2.363960187496255683e-07
2.419162348781316385e-07
2.367368929558490626e-07
2.360960855328285000e-07
2.418555892261550010e-07
2.348915879726743177e-07
2.377492887581001849e-07
2.336748273856617382e-07
2.355175657871379128e-07
2.336256767540550072e-07
2.353248007218459381e-07
2.383701857003135190e-07
2.323861973653176079e-07
2.350001318100504287e-07
2.301903787036118926e-07
2.369986537254246408e-07
2.344281566578026865e-07
2.322479393031550174e-07
2.345845618046493524e-07
2.347402191808352840e-07
2.345594383741434031e-07
2.358464422705170927e-07
2.392933415873182629e-07
2.408270312624111211e-07
2.327652181241639691e-07
2.357864821521923316e-07
2.325972305309104993e-07
2.376892954527022013e-07
2.341536961763093282e-07
2.325759773887243308e-07
2.310691220344434915e-07
2.306358988737648590e-07
2.350171427871738750e-07
2.398825832642564397e-07
2.314750121826967121e-07
2.371606434635227304e-07
2.347693164685848312e-07
2.306304513415743899e-07
2.347304543284753972e-07
2.364801361702704846e-07
2.336694294344062143e-07
2.286504576152908899e-07
2.319295289493247700e-07
2.319553031305886068e-07
2.401644183474998062e-07
2.284781973343380816e-07
2.316736513331185417e-07
2.350844680664930851e-07
2.368984149211632867e-07
2.294858983408873723e-07
2.308186494283556467e-07
2.370624926178578008e-07
2.365361374314352145e-07
2.344247789335234800e-07
2.316563741001710163e-07
2.362721550315724842e-07
2.308488386394777402e-07
2.356236105581868847e-07
2.340610560579675322e-07
2.307341188795541267e-07
2.345122827094543550e-07
2.316553757888111078e-07
2.269474159123200470e-07
2.314965593000026984e-07
2.341188529962939427e-07
2.326297754496740590e-07
2.299919974637082413e-07
2.360171108173574825e-07
2.333265693137199672e-07
2.333251352738460627e-07
2.285745559849189996e-07
2.342610084078552166e-07
2.339618540147173172e-07
2.324359209960126277e-07
2.346835231978163681e-07
2.317445118068144874e-07
2.332305177947038613e-07
2.315864488105759913e-07
2.256134113479116415e-07
2.302890437760709378e-07
2.287160258502007242e-07
2.342736274227013310e-07
2.282821416693183551e-07
2.303010266345790652e-07
2.329494918920182166e-07
2.324702122177808970e-07
2.329171189414861983e-07
2.306121041100318371e-07
2.294711487096253945e-07
2.312659304012258076e-07
2.273117885915592766e-07
2.319229460735472034e-07
2.314980698761337815e-07
2.282009448579151783e-07
2.296356187477669820e-07
2.303546271357624645e-07
2.268105866574440630e-07
2.272008745215738948e-07
2.320576210272494477e-07
2.356166962362820315e-07
2.302900529851028211e-07
2.285347089787523948e-07
2.344030338681505889e-07
2.332117069685549937e-07
2.326754753296558923e-07
2.298857195055241234e-07
2.293275755526091064e-07
2.291542535994256619e-07
2.280104058473272663e-07
2.335013625394376545e-07
2.316528561678077323e-07
2.240302063464516504e-07
2.273830098438620512e-07
2.324246649541391952e-07
2.288387991144253771e-07
2.269431165471070443e-07
2.336060460359344354e-07
2.282106267370673426e-07
2.321537423204099514e-07
2.352134368277192427e-07
2.329368322966030019e-07
2.293423317123721517e-07
2.332483275803394558e-07
2.254252015016204650e-07
2.275621610823887621e-07
2.290419278847242660e-07
2.320343993083799897e-07
2.316841786168543204e-07
2.338947820289275195e-07
2.273270692775529968e-07
2.317041109340454359e-07
2.268024632432512728e-07
2.318538852547263778e-07
2.237259620286085333e-07
2.272708249512647926e-07
2.308593805965563231e-07
2.299621589685251019e-07
2.318092565634966987e-07
2.379705639122479298e-07
2.322021637171847678e-07
2.228400542787195393e-07
2.258466008144632091e-07
2.318158914194649208e-07
2.266448750313057542e-07
2.280188414615125493e-07
2.291931542128631738e-07
2.273063793701157669e-07
2.263609636053362210e-07
2.287124631890814729e-07
2.251697369015003347e-07
2.256602158136536910e-07
2.322548518777071599e-07
2.286182991455917706e-07
2.330936067346788537e-07
2.325015706256724554e-07
2.284852212911797039e-07
2.291951500542464219e-07
2.254575907576205741e-07
2.303724763970467992e-07
2.292832213630665480e-07
2.287091565459096079e-07
2.277753731920370760e-07
2.287389360841190277e-07
2.265761439538778877e-07
2.276063194674099584e-07
2.305809472269923740e-07
2.280647885232355413e-07
2.271986270393064766e-07
2.250273868503195058e-07
2.285698017965891250e-07
2.283883369147402823e-07
2.261831067258042106e-07
2.295100335116520872e-07
2.278056352126777122e-07
2.251255940232476232e-07
2.284390384978477214e-07
2.252845341779033612e-07
2.324621767820851977e-07
2.241808582059581541e-07
2.303943905894273881e-07
2.329358636476202634e-07
2.349435696881371773e-07
2.256062265193961179e-07
2.257215394589897732e-07
2.271859912154642714e-07
2.267846290483457088e-07
2.234947294202702729e-07
2.245916229757071870e-07
2.263750965315945339e-07
2.315153425473385444e-07
2.294569360128500397e-07
2.293692712736947395e-07
2.271739808018199698e-07
2.317258195480945575e-07
2.241283789085376788e-07
2.262962724388715242e-07
2.245397021508287500e-07
2.327728801078159427e-07
2.301289593942681537e-07
2.215672512438453258e-07
2.328157255317184145e-07
2.253545081581832017e-07
2.258705960075986680e-07
2.274584122727787120e-07
2.300092651154175170e-07
2.303646006918000678e-07
2.257186844125672258e-07
2.278493316478455005e-07
2.265820766755545364e-07
2.274696178876638720e-07
2.293867970916323611e-07
2.267862351148541030e-07
2.268355481413464082e-07
2.332102216161780245e-07
2.230240305420225260e-07
2.222505539604372280e-07
2.259874623658224182e-07
2.321932162028520388e-07
2.318991435027623815e-07
2.242329630758480335e-07
2.262217631502563520e-07
2.244280018526391208e-07
2.264376747477419595e-07
2.257541313621253750e-07
2.255293946265544076e-07
2.241194945388269750e-07
2.247452763893449812e-07
2.284771528436195737e-07
2.210093872951209876e-07
2.318041296492136372e-07
2.285502346555879835e-07
2.318585189593796490e-07
2.309416019217173108e-07
2.273553962747857405e-07
2.235308421206698763e-07
2.227426965117652701e-07
2.359669539663177645e-07
2.226666308543825454e-07
2.308475622575378294e-07
2.280271945570859428e-07
2.233948019147020544e-07
2.257292543446517149e-07
2.281191558328580751e-07
2.242609264895546249e-07
2.270834888523437571e-07
2.273960208071192459e-07
2.250811958136765994e-07
2.219898479589182626e-07
2.246110848351578752e-07
2.271539704551506866e-07
2.285792366723658405e-07
2.282502971848474056e-07
2.203655539402683213e-07
2.250375149815632103e-07
2.224398122562188158e-07
2.266190652147807648e-07
2.213876857753985428e-07
2.270994247324538115e-07
2.243335885359518024e-07
2.251754586812462557e-07
2.234330659061565721e-07
2.259207608566835689e-07
2.233181900904335414e-07
2.309996278295399045e-07
2.225452085779011972e-07
2.287845392362127022e-07
2.271021612319673504e-07
2.255860370746018124e-07
2.264393403394688580e-07
2.285640526716419223e-07
2.203468486845276503e-07
2.227062307877215526e-07
2.257285093047228174e-07
2.264814405561258967e-07
2.232257917665567963e-07
2.274008266583697950e-07
2.289673514185276522e-07
2.253909893874169844e-07
2.277583144539404094e-07
2.283431437307308878e-07
2.251231318265355397e-07
2.257708268292305328e-07
2.248138219459034534e-07
2.212867425875434033e-07
2.225716502826145185e-07
2.233940373681928313e-07
2.273651005743511678e-07
2.239617157217997902e-07
2.224190589516063379e-07
2.244063976819794077e-07
2.233312491840230758e-07
2.260934754130284199e-07
2.272639412214487309e-07
2.299128459357189866e-07
2.275292105536626554e-07
2.311915598416798429e-07
2.202306752076764057e-07
2.216917592914903714e-07
2.240675125976446845e-07
2.215997306692418159e-07
2.227119935079249649e-07
2.258497860931790691e-07
2.228850396682428569e-07
2.257950796377125903e-07
2.337873373284756505e-07
2.261608614203509077e-07
2.232037839369082500e-07
2.241164994721568147e-07
2.248577789591829711e-07
2.264388476396809042e-07
2.250174152200002966e-07
2.207712238289549616e-07
2.208489768371040404e-07
2.220219693964211812e-07
2.235169879074238634e-07
2.243406997499353406e-07
2.208596682488719586e-07
2.199884118759881924e-07
2.228920364503566514e-07
2.248324052231680597e-07
2.275380744602476730e-07
2.288802909966399449e-07
2.216764723184996322e-07
2.240686919407402654e-07
2.239700528039197542e-07
2.243063628523364719e-07
2.241104376342183909e-07
2.221091204738702322e-07
2.182193047665489034e-07
2.221967224819594293e-07
2.231415182774847633e-07
2.222493132911029010e-07
2.304058352412119702e-07
2.211580988181309777e-07
2.252554846826961906e-07
2.250987711809800102e-07
2.233178262717172035e-07
2.232505049353853319e-07
2.297366153048555693e-07
2.193376091489397716e-07
2.241976072427608709e-07
2.273025445465836847e-07
2.196634841634243217e-07
2.281046683660577853e-07
2.247806111105603234e-07
2.222170961375032405e-07
2.268482457144540098e-07
2.268865448928876836e-07
2.255152583492303880e-07
2.199763492438061049e-07
2.229148535836826259e-07
2.205211088003617109e-07
2.262595106245746578e-07
2.240887656688002317e-07
2.200750313920206092e-07
2.256979486004230208e-07
2.234272302217457810e-07
2.220929911064147305e-07
2.238739639307020759e-07
2.238390669000236441e-07
2.209965425466169992e-07
2.248949932715285121e-07
2.210292312612990276e-07
2.249435945177742094e-07
2.249905991256393985e-07
2.224239763114229650e-07
2.177139638416803720e-07
2.193962161044065027e-07
2.260302812242817049e-07
2.276020150085139288e-07
2.233498426233984159e-07
2.231724874455986238e-07
2.231144461004596678e-07
2.185674536486789305e-07
2.242136342567049757e-07
2.270266891978012733e-07
2.263992795122646625e-07
2.246304982975169085e-07
2.201336415154519465e-07
2.240176923369258926e-07
2.209976211651695516e-07
2.199478920127635264e-07
2.262147870222616266e-07
2.256609276491463024e-07
2.241724070423860295e-07
2.241516218860755108e-07
2.251339412816844401e-07
2.222344299802578869e-07
2.256851961459194728e-07
2.223904797499800035e-07
2.230540772941798314e-07
2.234752573987088508e-07
2.206032894092061924e-07
2.272790035593881461e-07
2.219330199789522628e-07
2.218355080819169970e-07
2.228656534942606295e-07
2.210540130567331910e-07
2.236171016520597327e-07
2.223614368874520973e-07
2.220325432967483286e-07
2.255239909297128574e-07
2.305388215087726523e-07
2.275901227945179444e-07
2.208600117133761979e-07
2.181317045863137136e-07
2.280354485365646943e-07
2.246584081730950706e-07
2.221489849756620284e-07
2.239156596991414300e-07
2.239759051947269117e-07
2.234181248048180914e-07
2.219493825619551750e-07
2.213174558576726392e-07
2.213837303024518203e-07
2.210631956081535277e-07
2.209212245399321942e-07
2.200082185826721021e-07
2.204583573642657770e-07
2.197296653087255085e-07
2.213305311194044656e-07
2.220183175698046306e-07
2.248053842150063669e-07
2.239332104077785932e-07
2.243537092278638553e-07
2.287499820458996246e-07
2.225943670512858026e-07
2.209328558822233419e-07
2.205534300090501776e-07
2.195156487886186555e-07
2.211688954909293672e-07
2.219697766017017686e-07
2.222040562521655072e-07
2.234455489621267545e-07
2.187540524058093074e-07
2.259933268365663948e-07
2.204865274770087871e-07
2.208958745391857984e-07
2.248163021007288436e-07
2.231896131908033310e-07
2.209617151890616602e-07
2.275984255009860316e-07
2.248461610022131669e-07
2.219801190717171825e-07
2.311095315808376257e-07
2.249282499847448252e-07
2.182286306529780392e-07
2.208191041998807639e-07
2.228262396879187938e-07
2.206700071890870581e-07
2.219640653376410829e-07
2.237994486770952301e-07
2.246504254247391092e-07
2.235705565979491330e-07
2.197684236841823519e-07
2.224699821817446770e-07
2.292614523335487657e-07
2.225712360479590823e-07
2.234155084148866726e-07
2.259621257361912205e-07
2.244178063638697925e-07
2.201675843274080023e-07
2.223878043841333554e-07
2.219840375503506971e-07
2.224918407271773419e-07
2.188568610339213246e-07
2.256375849336014863e-07
2.201509283943545064e-07
2.167544011181535079e-07
2.215209190068732351e-07
2.316669500114532980e-07
2.216321862914961404e-07
2.210231936353233009e-07
2.191569118268758955e-07
2.212358911835444808e-07
2.232066210599435388e-07
2.304160668245736218e-07
2.253072180278392106e-07
2.263608750617512638e-07
2.252841689196335918e-07
2.185770961105853028e-07
2.221774935997090211e-07
2.265100592081456515e-07
2.201479467777224743e-07
2.174407758985823657e-07
2.201002855614428391e-07
2.185743449377289334e-07
2.248947083062452677e-07
2.201867912296348617e-07
2.157678040705957564e-07
2.236954389436912315e-07
2.229861880966395269e-07
2.263094905778593985e-07
2.244998222653881756e-07
2.231801040659546414e-07
2.184121624746804823e-07
2.248539161859003286e-07
2.287179529671139577e-07
2.245275344991202134e-07
2.266312559214425267e-07
2.233825798472426051e-07
2.171765487414895066e-07
2.221517623398670731e-07
2.261435813240811108e-07
2.237876725728695248e-07
2.174357976923781451e-07
2.241288773902162057e-07
2.206145916667427711e-07
2.264614472946828010e-07
2.204707283686803898e-07
2.252530680892056659e-07
2.243493388699371165e-07
2.218945707807414138e-07
2.217595881240726809e-07
2.215754379226229293e-07
2.300928188230408409e-07
2.239601503479310285e-07
2.219463524835146767e-07
2.181220708232877435e-07
2.250852874428064734e-07
2.225498360350188881e-07
2.202745298074631323e-07
2.189226664321012721e-07
2.227446022910872523e-07
2.198529848503279831e-07
2.235595425241710971e-07
2.239719945405082608e-07
2.235513746748154471e-07
2.216295265571161294e-07
2.173800784495161467e-07
2.202269018634934598e-07
2.258713295105801849e-07
2.245293935418880124e-07
2.209527719776046342e-07
2.228483171875335146e-07
2.169745014814776532e-07
2.261824413537925777e-07
2.221276429962977953e-07
2.207604754727469040e-07
2.225447208691965192e-07
2.278238916450192330e-07
2.248471266268709347e-07
2.200315031020597856e-07
2.223681687080771364e-07
2.247360176868111499e-07
2.255932870744790340e-07
2.212257593366113410e-07
2.181017902288748493e-07
2.194883836340899490e-07
2.199696749500721353e-07
2.201243666132066935e-07
2.252291466842325381e-07
2.229869403611693207e-07
2.232242712208868346e-07
2.234703766748955395e-07
2.231031367635402741e-07
2.218784277801467362e-07
2.239143733997517787e-07
2.226226285646222049e-07
2.236328593179810847e-07
2.225490970042784670e-07
2.180301623895442118e-07
2.217145173478798116e-07
2.212484100862891276e-07
2.227799312398827762e-07
2.257959811280553174e-07
2.188636012314213941e-07
2.177743502493420424e-07
2.237618895980178172e-07
2.222343523738063695e-07
2.170944639008308787e-07
2.225909581998206484e-07
2.235930409529295310e-07
2.223778569357861860e-07
2.213390977108531595e-07
2.184437049070635276e-07
2.228022852095213952e-07
2.214613401460655538e-07
2.208375379072286637e-07
2.178206484800213491e-07
2.256171196501663796e-07
2.274776858080191285e-07
2.187965756191404969e-07
2.213978539821049282e-07
2.245579583479801116e-07
2.216589954643200044e-07
2.193523336274782301e-07
2.207595839187954006e-07
2.232758280360555242e-07
2.209940632851986837e-07
2.221133544041190871e-07
2.192997075776880448e-07
2.204712937501318157e-07
2.254571308708114122e-07
2.192400980600748138e-07
2.170658493038689681e-07
2.218655660158686827e-07
2.295397835232316635e-07
2.271889114695530370e-07
2.170367354975595458e-07
2.221059385509554431e-07
2.180394970348351439e-07
2.206840281111435754e-07
2.207792493771916043e-07
2.211585897090063808e-07
2.247738658020142164e-07
2.204705202663950865e-07
2.268471949525230479e-07
2.279008820371128999e-07
2.198822372799499437e-07
2.187974323728349743e-07
2.176430281797301024e-07
2.255355038324301116e-07
2.237728668716329463e-07
2.167901362372640546e-07
2.222598454475375868e-07
2.273531154586484932e-07
2.207763874802626175e-07
2.268531169454226769e-07
2.217999037538118691e-07
2.195372302547427530e-07
2.182576690847751453e-07
2.195472862236355767e-07
2.232603946863680044e-07
2.239884200787182346e-07
2.176994594190874113e-07
2.266874510503609974e-07
2.241727059501861749e-07
2.174167532023998707e-07
2.198683658757210476e-07
2.228699815400501486e-07
2.220027725379206870e-07
2.300264624547283204e-07
2.218053628055866552e-07
2.194837647685175717e-07
2.227987079224130344e-07
2.215265716706916474e-07
2.248667152790936731e-07
2.180414370319632486e-07
2.212370227072638932e-07
2.170232136554169973e-07
2.195708194558684270e-07
2.239384272026002658e-07
2.200987370518161982e-07
2.213574462288387270e-07
2.225114232076304589e-07
2.209452792835414770e-07
2.241864562930229546e-07
2.205872568012080056e-07
2.176094223195618360e-07
2.234777076764868143e-07
2.217778432526081761e-07
2.226522532908568655e-07
2.173801975331007573e-07
2.207246683728081046e-07
2.215463806740315163e-07
2.199387540401456850e-07
2.224726668399718051e-07
2.241268301384655326e-07
2.230085563607911025e-07
2.193800090894595991e-07
2.185210245796405106e-07
2.252525919979496916e-07
2.260963885877343970e-07
2.156175256473484137e-07
2.222094269118873069e-07
2.182185879368160979e-07
2.210531730046996628e-07
2.200110911815442901e-07
2.215922946686440476e-07
2.227245292828040149e-07
2.167969019489544537e-07
2.253251284085843172e-07
2.236088370590313590e-07
2.180370084005349723e-07
2.192260515748957735e-07
2.203196603851046025e-07
2.226679973410020525e-07
2.201067092055640736e-07
2.231288651947860249e-07
2.200152793144213114e-07
2.231742736109742035e-07
2.218711166450241515e-07
2.229629667202953697e-07
2.158273998445777518e-07
2.201514813486084217e-07
2.198157685870087018e-07
2.203890322816344970e-07
2.238793608401754990e-07
2.197389521914647479e-07
2.194734663264229056e-07
2.190743208016651640e-07
2.193250765404468818e-07
2.215798850835661887e-07
2.220350403647480329e-07
2.183169459234856061e-07
2.241500848281595104e-07
2.249763940038825762e-07
2.247315968419147181e-07
2.205293224076277294e-07
2.184624408148743577e-07
2.177272606525786852e-07
2.174850994297409284e-07
2.280873156181152000e-07
2.191660173906001387e-07
2.196977012103081564e-07
2.196772287906657589e-07
2.223258473968493909e-07
2.231538387570467169e-07
2.201816739155315860e-07
2.183722126982896402e-07
2.263006652503591280e-07
2.183030835275148375e-07
2.194187246366235498e-07
2.210316545079887723e-07
2.164740264634399406e-07
2.180054159231503940e-07
2.219510610323184722e-07
2.154637916818570351e-07
2.220106742387873466e-07
2.204681777657092009e-07
2.235064413065226961e-07
2.227568519231536041e-07
2.223839190073363760e-07
2.175728144364603008e-07
2.184663612444815861e-07
2.263748862904990256e-07
2.202322938513357824e-07
2.233413444612481304e-07
2.183536125488906308e-07
2.194516273617580794e-07
2.186289440122962454e-07
2.226065373248125886e-07
2.287334338757321141e-07
2.244524311468986795e-07
2.200845748688443285e-07
2.177722416208419839e-07
2.247868523875706508e-07
2.220206238085816573e-07
2.238477441082098403e-07
2.183441972807155194e-07
2.220763452865397750e-07
2.200438022487658785e-07
2.201048877016773934e-07
2.186294193916677731e-07
2.168845266899915042e-07
2.229813831072268699e-07
2.282112902464988938e-07
2.199395784922817058e-07
2.228589910294887020e-07
2.203222584791327780e-07
2.197361555763895188e-07
2.223953375798427622e-07
2.220255487007984600e-07
2.200566576155548533e-07
2.223391011884614284e-07
2.172289512043242787e-07
2.203552082801898734e-07
2.183819034025988578e-07
2.176197022053077005e-07
2.167659178044338739e-07
2.223544762709612473e-07
2.217293546624673004e-07
2.186772696456205724e-07
2.204179337143520427e-07
2.240411370287307305e-07
2.233970272117464484e-07
2.173842029831753364e-07
2.269944411016952381e-07
2.250142905856294730e-07
2.267292705130599445e-07
2.163324030236943047e-07
2.212233830600874930e-07
2.184442135303328064e-07
2.201386758042584409e-07
2.175179378942838455e-07
2.243028473208073705e-07
2.164059149827502750e-07
2.170259265254187163e-07
2.191236106879675038e-07
2.162598302485510693e-07
2.230919694404605904e-07
2.204990195365017062e-07
2.245930566257020431e-07
2.180073869780122974e-07
2.210934925269155503e-07
2.211920835870712794e-07
2.146853390470838139e-07
2.199620274929664122e-07
2.191766560203208505e-07
2.193207857162685004e-07
2.216684736387700369e-07
2.213758369295279978e-07
2.143401402124317113e-07
2.177008050432314556e-07
2.273506047369896576e-07
2.197922329807754608e-07
2.205494800906960984e-07
2.179928867651660436e-07
2.221401766402589492e-07
2.238692431078111600e-07
2.189590485247204309e-07
2.206741516381471048e-07
2.175528495919912449e-07
2.250668723707302524e-07
2.280798201459664850e-07
2.199013846569582988e-07
2.259721273335299607e-07
2.206830025382406530e-07
2.190302047303596599e-07
2.203657511496170140e-07
2.176313360936511387e-07
2.170333254448880906e-07
2.150027454734016430e-07
2.239280959175361505e-07
2.155220213117448242e-07
2.211374390955404273e-07
2.211755306941583072e-07
2.179316821355408955e-07
2.239249697378551997e-07
2.204789393367651481e-07
2.191676626928316967e-07
2.224371591055859288e-07
2.209966721616714100e-07
2.159958282979112371e-07
2.201576880652872729e-07
2.201509551223788365e-07
2.234516672678111362e-07
2.177336867054263582e-07
2.199370562068417241e-07
2.209700444167761033e-07
2.198468843291265623e-07
2.220322893623650908e-07
2.245983185786201699e-07
2.145469003367507363e-07
2.196090732473292710e-07
2.223079771436560505e-07
2.179346413917411116e-07
2.172100113992394615e-07
2.224837401580029108e-07
2.214321594778662251e-07
2.179047923177344245e-07
2.209113350604442541e-07
2.267678812837798878e-07
2.216215280715368352e-07
2.178159578246141020e-07
2.212019801822465548e-07
2.213082626500843499e-07
2.176823366035002062e-07
2.195985515876383111e-07
2.201957208000604294e-07
2.197601083847786908e-07
2.228263554535853263e-07
2.152853178305619915e-07
2.176500292947103102e-07
2.236139189809560032e-07
2.199651703316899553e-07
2.177552517871594877e-07
2.277024940003703668e-07
2.206194792836808522e-07
2.183607750438080776e-07
2.184399410194207055e-07
2.235451558924058957e-07
2.172695754272800854e-07
2.183588652236343700e-07
2.191515813594226201e-07
2.189321198310791606e-07
2.219263838491686725e-07
2.160328165151320672e-07
2.247090709545552234e-07
2.179029039661639570e-07
2.217631912189645052e-07
2.209024444731886274e-07
2.201952011433717963e-07
2.228993267293175834e-07
2.169566129892055453e-07
2.209026549573666302e-07
2.233732779044384050e-07
2.228381607056109745e-07
2.153097075876129701e-07
2.217184851470027661e-07
2.153701554414761747e-07
2.232172304960890060e-07
2.239016649037168562e-07
2.194249721090803459e-07
2.234581554582248080e-07
2.228981201720327096e-07
2.180523856976109550e-07
2.175633560211438168e-07
2.207769925757098875e-07
2.203476332695574368e-07
2.205435281434046114e-07
2.183166810219782447e-07
2.179127743273722003e-07
2.217559070044380795e-07
2.258148030870663984e-07
2.226295314711209380e-07
2.214505293255507615e-07
2.188475102047035356e-07
2.204767326734139605e-07
2.209183990311886909e-07
2.184776090925810887e-07
2.186583234130559661e-07
2.199939612944665790e-07
2.226991442008351058e-07
2.248063583791203102e-07
2.230834402205765061e-07
2.169532478136650834e-07
2.216507458571691048e-07
2.211162604723425196e-07
2.213532391371062093e-07
2.154974611980676089e-07
2.231249593801186790e-07
2.221127938053945168e-07
2.220624993365198145e-07
2.169472265673449871e-07
2.177476174707141676e-07
2.199754151756747981e-07
2.141263844551161340e-07
2.154668180872264284e-07
2.234160594086960929e-07
2.217453953395412913e-07
2.201638365447691335e-07
2.205720684991868302e-07
2.155236884393110685e-07
2.177676565279506509e-07
2.192012280213630297e-07
2.218475845271824426e-07
2.201881653086359385e-07
2.177468867789657842e-07
2.180121154753645785e-07
2.195461586413250305e-07
2.228700446515245452e-07
2.169584549009718816e-07
2.178353734257832872e-07
2.221060457755873277e-07
2.202992271427824471e-07
2.168741419173095989e-07
2.205864442964183428e-07
2.235566762754342139e-07
2.266997874802380680e-07
2.251029001848314121e-07
2.208774021422610915e-07
2.249503050970939116e-07
2.156453097971919460e-07
2.205272626844827429e-07
2.188397631769073640e-07
2.181082127633402800e-07
2.210097691445596994e-07
2.230423715339217544e-07
2.212482412260407982e-07
2.188407946169375468e-07
2.172609844818074519e-07
2.168885640722654471e-07
2.183379686976620709e-07
2.203674907694317934e-07
2.145220771999308328e-07
2.189997467631364720e-07
2.185588890618715079e-07
2.207298894152594505e-07
2.225292321661542094e-07
2.199480942936968445e-07
2.182320010184874158e-07
2.202612605027687735e-07
2.151827848548327567e-07
2.160196979373639396e-07
2.277379969425586856e-07
2.222477317112088811e-07
2.213226926531318826e-07
2.178415082942243734e-07
2.185761911286941255e-07
2.200135605381405382e-07
2.192845980738539595e-07
2.205844849947525226e-07
2.166253526795393310e-07
2.179386875107784230e-07
2.218910349818153733e-07
2.187825278633030067e-07
2.198276379496724905e-07
2.270132887611546409e-07
2.161836031449358486e-07
2.223765582897003737e-07
2.180527268449392795e-07
2.179724647898749823e-07
2.214577634098389404e-07
2.168595583729457569e-07
2.171082068343871892e-07
2.207282741573918548e-07
2.201068658816973870e-07
2.171589903473418041e-07
2.238023272488514006e-07
2.185439157536820127e-07
2.172814997755180172e-07
2.180519937286798927e-07
2.222914819512644670e-07
2.200066134806013509e-07
2.162586444022097404e-07
2.184428486900446786e-07
2.266058438510038085e-07
2.229321305293508539e-07
2.235031043159230066e-07
2.191193651418483911e-07
2.202195118528393802e-07
2.148449132697779733e-07
2.147496964960205580e-07
2.178675125514832524e-07
2.236471672446881922e-07
2.173777775759168528e-07
2.218498830457228290e-07
2.202884988992824660e-07
2.221613109182661015e-07
2.181905932317639679e-07
2.201827451390097617e-07
2.187778672475243314e-07
2.186420569170873875e-07
2.161655163431299990e-07
2.208403257744912708e-07
2.209950598870888742e-07
2.170954287110044490e-07
2.155637354234411956e-07
2.163888910733228723e-07
2.277631223319306311e-07
2.212796500309299187e-07
2.174484002881071905e-07
2.177669440421334594e-07
2.193063966584137967e-07
2.190985830682657913e-07
2.188845637006212316e-07
2.172263003866518714e-07
2.150450065554187466e-07
2.150893618514601375e-07
2.221776375818854556e-07
2.222041401913893186e-07
2.244612640604666832e-07
2.194468056312230080e-07
2.151738378866463845e-07
2.181883543189434089e-07
2.207045210160100604e-07
2.187244524250560806e-07
2.231473755694030923e-07
2.234175480616281294e-07
2.188354704538443540e-07
2.227360899496514077e-07
2.183416314329997970e-07
2.152175254208911870e-07
2.176933201467493435e-07
2.237230230082361265e-07
2.145049691397662538e-07
2.200189662033188658e-07
2.159594308484770654e-07
2.177022947632008861e-07
2.175029987218206772e-07
2.260165223419887498e-07
2.142029784001942175e-07
2.188879981515134291e-07
2.189225402754476830e-07
2.181377918279504601e-07
2.174427890556466228e-07
2.192003453793837392e-07
2.184312977559674799e-07
2.224325430338836743e-07
2.178959051762519729e-07
2.206121422144981793e-07
2.170294456779297845e-07
2.210475569279523995e-07
2.216606225101097576e-07
2.210294211765946751e-07
2.191577565148396992e-07
2.169745942142893618e-07
2.203196303107499563e-07
2.159307995151281047e-07
2.193818728691789786e-07
2.207025242433367714e-07
2.185667513344432013e-07
2.179626835310257260e-07
2.172092603248667415e-07
2.209240497519256718e-07
2.178013646548151545e-07
2.181792067777149643e-07
2.164677438466223454e-07
2.173908064672966704e-07
2.194232076238213446e-07
2.186928483491642816e-07
2.215972580468166014e-07
2.195365118086692786e-07
2.197076529189126455e-07
2.198992768224224823e-07
2.178924934835629750e-07
2.214704585473863114e-07
2.164657201896574442e-07
2.179174187497532905e-07
2.216202454104921879e-07
2.214977737279750414e-07
2.153097418764496873e-07
2.185158725568307327e-07
2.161422481181611793e-07
2.240620522120731096e-07
2.184487891508994507e-07
2.199194989049867351e-07
2.166626720808634700e-07
2.193213106165936058e-07
2.209167545292351850e-07
2.158725970157713141e-07
2.139755476950741059e-07
2.181389927690828240e-07
2.202192514988686623e-07
2.197447325319915302e-07
2.216979869716660169e-07
2.196890800847242076e-07
2.184233294662840659e-07
2.173016092714295708e-07
2.195881267000322862e-07
2.193386511725288662e-07
2.167319663346373268e-07
2.176813305324422453e-07
2.170957813731817527e-07
2.224219946430114659e-07
2.170529769086782817e-07
2.233425249234702169e-07
2.183240668765532014e-07
2.163339276938742331e-07
2.160466779719205125e-07
2.192812205705588462e-07
2.183309684145290978e-07
2.153847420669894633e-07
2.238189729408712855e-07
2.187272138673582726e-07
2.210399736919768502e-07
2.160136396825244899e-07
2.228091636814948392e-07
2.213272818373856067e-07
2.263884100141631390e-07
2.213453554353927409e-07
2.119860318674411305e-07
2.170409127785398410e-07
2.170158622238476650e-07
2.178748288623686328e-07
2.228294283476910442e-07
2.155845175412205982e-07
2.163537244199700899e-07
2.152982627574626516e-07
2.183672907325334478e-07
2.233346397048589122e-07
2.178327304656733455e-07
2.153151265844450572e-07
2.166698543838466587e-07
2.195081563250103198e-07
2.174321784340794194e-07
2.180094816892507746e-07
2.179881744217499356e-07
2.158308469547007273e-07
2.234908189317896588e-07
2.226511477548650723e-07
2.217095709333922112e-07
2.182153403200701279e-07
2.174546533893441694e-07
2.246187667973490446e-07
2.162692556630523232e-07
2.158187808278132977e-07
2.170765065009876557e-07
2.144966621967176677e-07
2.229087988582745927e-07
2.178697183009074098e-07
2.176864963415015892e-07
2.199803280763484137e-07
2.170658292148377654e-07
2.215266470215270899e-07
2.152938139659725778e-07
2.189741417420279349e-07
2.160220229297969608e-07
2.198909315386362529e-07
2.188696334590717330e-07
2.150001947883506322e-07
2.156833373798791275e-07
2.199653866214354050e-07
2.201143380068781889e-07
2.172230374557092190e-07
2.149155667287459385e-07
2.225023439362761959e-07
2.267594384292091172e-07
2.196878566837171685e-07
2.197854346802472813e-07
2.226303970405016876e-07
2.202902512572509271e-07
2.175533584504507095e-07
2.150936069777095181e-07
2.225454415472091947e-07
2.154769312152296481e-07
2.160280865940109460e-07
2.195506225765383327e-07
2.231001258396840458e-07
2.151550173135211775e-07
2.190315447273019673e-07
2.174596241531203452e-07
2.279248597377800594e-07
2.197912466562233753e-07
2.187425305453445651e-07
2.191099372381193491e-07
2.231926765699660033e-07
2.165448916377829465e-07
2.235064913262689096e-07
2.150787009749565350e-07
2.223943748185072925e-07
2.169626432643037245e-07
2.147190971021439807e-07
2.169262803862502033e-07
2.175700998412043255e-07
2.129730407867031283e-07
2.171605559706068704e-07
2.156185179226860538e-07
2.192822989996964616e-07
2.216898037197200790e-07
2.176246824177316913e-07
2.202075564121415752e-07
2.202159935400678026e-07
2.177465773696865224e-07
2.193023283573103528e-07
2.249560706016966918e-07
2.161455748424719381e-07
2.146535914436113869e-07
2.171908303995035076e-07
2.201621038591190613e-07
2.195358754708086634e-07
2.168938574207073357e-07
2.213245402457674870e-07
2.163791947291842711e-07
2.216805727712080608e-07
2.157964994751214190e-07
2.216958394989002887e-07
2.156058900495353104e-07
2.183173854213566214e-07
2.214533775183099513e-07
2.201889419887495382e-07
2.146303813027291941e-07
2.157721399202801572e-07
2.199406085053861302e-07
2.234017725796546603e-07
2.199965522428167354e-07
2.204114124142095533e-07
2.182369140612222210e-07
2.170354750927685176e-07
2.156141245492675284e-07
2.165473621798009043e-07
2.226865288811584977e-07
2.203366365919617330e-07
2.220311496432932762e-07
2.113690343218861081e-07
2.214839732028109297e-07
2.183988332943500095e-07
2.163078378447463269e-07
2.173910236472922765e-07
2.224539120901113748e-07
2.191631665097274954e-07
2.182782975475893134e-07
2.202818644868608497e-07
2.229832719796883746e-07
2.192645153406927840e-07
2.253923702679923072e-07
2.202328773234909498e-07
2.202961035533506160e-07
2.145880664047751187e-07
2.181855964155433882e-07
2.158818315947360539e-07
2.227968574396213664e-07
2.125170827982186265e-07
2.178613295637590538e-07
2.167428305859454334e-07
2.137709566131453541e-07
2.166439809586331093e-07
2.184305580875301517e-07
2.197356887096403745e-07
2.239239782091280806e-07
2.174440035920351963e-07
2.192830626007094983e-07
2.209066518506219966e-07
2.194849518286928747e-07
2.189231103985860272e-07
2.178242772453708115e-07
2.181572749381772399e-07
2.188482574702577976e-07
2.230838857528913173e-07
2.201957575497126969e-07
2.151349233543688189e-07
2.212584156471351354e-07
2.238224519958212978e-07
2.233662144182804586e-07
2.171675959203819666e-07
2.138705805891892442e-07
2.182641888033030137e-07
2.144357867907513599e-07
2.134262589072453474e-07
2.134378082975909178e-07
2.148154441179131578e-07
2.234713872871763339e-07
2.235358367254712104e-07
2.173435805928089277e-07
2.150243783609423928e-07
2.171914599941927985e-07
2.151404605240154312e-07
2.207121674755305120e-07
2.193961534743616781e-07
2.165076478587889561e-07
2.207185946112001702e-07
2.161591864278272724e-07
2.171045220590445465e-07
2.192430379028237270e-07
2.188797366001730633e-07
2.196412368138683089e-07
2.152074824048223018e-07
2.168143657634949571e-07
2.145465989981256980e-07
2.201714557364327346e-07
2.180501088686578755e-07
2.175078126184701302e-07
2.194507622406592998e-07
2.131900474092306578e-07
2.183155457478433226e-07
2.187755284940970373e-07
2.227235938619344363e-07
2.219098012275832997e-07
2.209783793237813685e-07
2.168882848067929539e-07
2.158674518118988459e-07
2.182634130165964886e-07
2.187208584189237332e-07
2.153814956309298388e-07
2.257506703820945392e-07
2.240565849365336568e-07
2.180572585543910458e-07
2.182579725590534438e-07
2.163024883773976707e-07
2.149049733486722576e-07
2.174308878270787009e-07
2.173176871417024615e-07
2.150635473895341442e-07
2.164550817635577884e-07
2.234750847075436885e-07
2.181320767014037589e-07
2.209991986442304521e-07
2.146341806804150344e-07
2.197188098794175106e-07
2.198791988719881360e-07
2.180341550351698786e-07
2.148361262893291561e-07
2.137105164258512057e-07
2.196743903227845072e-07
2.159489816100040458e-07
2.161992993188804177e-07
2.186746484319224134e-07
2.167786061593485085e-07
2.187844438536678633e-07
2.165711004457973110e-07
2.212472897333148684e-07
2.164653649103972817e-07
2.245151305870193666e-07
2.171370736767826013e-07
2.174101983600311585e-07
2.189216748781188068e-07
2.181263502099616034e-07
2.169180547195672947e-07
2.160469716060934754e-07
2.243167787916657634e-07
2.174831704755029328e-07
2.240671341324192814e-07
2.152964148933323147e-07
2.170069055007926973e-07
2.150293815872796978e-07
2.177849533195675870e-07
2.195705666185132935e-07
2.185393033708354279e-07
2.177104679919403613e-07
2.216502560791063707e-07
2.183342199474286408e-07
2.178978437211989995e-07
2.152897072025902302e-07
2.190213653388012280e-07
2.181159905268649050e-07
2.162016244502177102e-07
2.156535913996805218e-07
2.214174449720235370e-07
2.215510754902532769e-07
2.216582558432364237e-07
2.147416228458638400e-07
2.169423802460173447e-07
2.142869787355819845e-07
2.182890112819060548e-07
2.185248557411506886e-07
2.206528333324915208e-07
2.159495815675714598e-07
2.180254280566338265e-07
2.224182245993835873e-07
2.163028800511571267e-07
2.204935981435708271e-07
2.178370132302466776e-07
2.175185307740469169e-07
2.232778957256765638e-07
2.194108105243439446e-07
2.219999869357448567e-07
2.217003503079935731e-07
2.157254013946087279e-07
2.173290889794002434e-07
2.168477061744310329e-07
2.151091057213212748e-07
2.186604637638205224e-07
2.196615576131774270e-07
2.203569512842179880e-07
2.200814905751170553e-07
2.146037371055692162e-07
2.187874013688292317e-07
2.173614480458183089e-07
2.188701376926501227e-07
2.159316057660683243e-07
2.164052164852252596e-07
2.175097225207236332e-07
2.175462298150294930e-07
2.254757650896415180e-07
2.159590391036869881e-07
2.206002168907733773e-07
2.158699866444991264e-07
2.187485917250661263e-07
2.206496527181181743e-07
2.148933753639277863e-07
2.157472560728200132e-07
2.241310637909058448e-07
2.197333939604569810e-07
2.163697492619563613e-07
2.126020782328048667e-07
2.164937997068205047e-07
2.167956979882324832e-07
2.233087783343268359e-07
2.146869974899757484e-07
2.158826866294901114e-07
2.163527760399627629e-07
2.183349338948976652e-07
2.236944648206171993e-07
2.124780784185500517e-07
2.188266754958703095e-07
2.155453863908784010e-07
2.190001943442893838e-07
2.136060604182572921e-07
2.186864978428808247e-07
2.248346251581916391e-07
2.132140018686865732e-07
2.149948641251686098e-07
2.211340464769343234e-07
2.149724431594711773e-07
2.162215557082637141e-07
2.218602703849769538e-07
2.185547876510392465e-07
2.216926720125596722e-07
2.217622415588279735e-07
2.151195815268159255e-07
2.156763437104839357e-07
2.199402695742124154e-07
2.222611269941911191e-07
2.187994393281389263e-07
2.207225101886284205e-07
2.153568875684429385e-07
2.192614711255851100e-07
2.153212029047329287e-07
2.195627300511253391e-07
2.215033569980573758e-07
2.126670165462846742e-07
2.178417586739208484e-07
2.180798635745706755e-07
2.220488978753922214e-07
2.202169726763234857e-07
2.181578207467531097e-07
2.186882926929306877e-07
2.131958951672644580e-07
2.172627211467494095e-07
2.179439557822627778e-07
2.195830570348317252e-07
2.169957284812473134e-07
2.181091782143677021e-07
2.150963634541837539e-07
2.191700793368328872e-07
2.233476461995023406e-07
2.163080934175686615e-07
2.166026193291698594e-07
2.217106848067975962e-07
2.207063324982687503e-07
2.177885727183490299e-07
2.202868926449376072e-07
2.216251282825864325e-07
2.141189718251631261e-07
2.153531392538638318e-07
2.164941632319437353e-07
2.160786965729039633e-07
2.115556933224332194e-07
2.175939778180706198e-07
2.192209729251139853e-07
2.299115110261458430e-07
2.228827929199582600e-07
2.143264479931429971e-07
2.180194428117770308e-07
2.176495321531423821e-07
2.176999576418988523e-07
2.183658036170192030e-07
2.237971951966885096e-07
2.165663430342568003e-07
2.168928100540388832e-07
2.185235621256095643e-07
2.179700202860953095e-07
2.250536461863434477e-07
2.185765085170770871e-07
2.151414962953335813e-07
2.198235489912930592e-07
2.219928839849873973e-07
2.176675065908580716e-07
2.225687176770942012e-07
2.162425435985248851e-07
2.179264212449247985e-07
2.191307450231994979e-07
2.130022952288586692e-07
2.165024491373080141e-07
2.187395186870413512e-07
2.212209906675104910e-07
2.138988711335197725e-07
2.180710206898853473e-07
2.188228114219385334e-07
2.178783099361660620e-07
2.270786492426182828e-07
2.225663848618248152e-07
2.194585961830720865e-07
2.130711025252737067e-07
2.182591636300897883e-07
2.172160309124129925e-07
2.176984733028917459e-07
2.147200482128831182e-07
2.154318750539766877e-07
2.140935741439448331e-07
2.157796890741969634e-07
2.140834333534703506e-07
2.242185447612797728e-07
2.153146064968374913e-07
2.227566486872533714e-07
2.196864342865472875e-07
2.197176892659977460e-07
2.194837735258009221e-07
2.154344324932481970e-07
2.147046101956961667e-07
2.160137651604412609e-07
2.195948949656672581e-07
2.144655347108745052e-07
2.172050981797173659e-07
2.155117237614787604e-07
2.195256824539041125e-07
2.185459221802026185e-07
2.162485414505233472e-07
2.228875172975359121e-07
2.180920395763204770e-07
2.186749507981234070e-07
2.167782689502721320e-07
2.167430531421679729e-07
2.158817374113217396e-07
2.150864965182287567e-07
2.196794380063830470e-07
2.253247639932109567e-07
2.214564838993958885e-07
2.174144258059757750e-07
2.198608574681114314e-07
2.172957351957704972e-07
2.191760141547013840e-07
2.183843083944252702e-07
2.192578507292183692e-07
2.181055765653431457e-07
2.141840695202527378e-07
2.163162296014842895e-07
2.208618928719148987e-07
2.160805824857572555e-07
2.192229748372455497e-07
2.183004181959238263e-07
2.182238218563253966e-07
2.182180599569200184e-07
2.270445841333377351e-07
2.138168330815044131e-07
2.205594453550953850e-07
2.170909761185882262e-07
2.170239533380604444e-07
2.169110608449726010e-07
2.155038092687908617e-07
2.168478212376838736e-07
2.166906110300541150e-07
2.198885290376161011e-07
2.183522281941298949e-07
2.191486088710114772e-07
2.213523677432165297e-07
2.198417535334160288e-07
2.128253388057796205e-07
2.170390163121183207e-07
2.177561911573302414e-07
2.157179786372710870e-07
2.161161182093551835e-07
2.203629546829168110e-07
2.200004246588974940e-07
2.222996323523486468e-07
2.177520586714011440e-07
2.167750687519740551e-07
2.160807464401590493e-07
2.226343656083335380e-07
2.209947951718395051e-07
2.231108599439974772e-07
2.162009297188927694e-07
2.212521772413393885e-07
2.129717100253168517e-07
2.153484719769936541e-07
2.156346185401129169e-07
2.208651688361827861e-07
2.143527540594073123e-07
2.168108723745705231e-07
2.171716835497000262e-07
2.184968039669602405e-07
2.181952204805252387e-07
2.250485540060222082e-07
2.159325700948122960e-07
2.173746642069986509e-07
2.179272685515499333e-07
2.137837926343567024e-07
2.192050206353576431e-07
2.156517132433683902e-07
2.168364954958535828e-07
2.172385716009704149e-07
2.156266695376041812e-07
2.186490256563215992e-07
2.174750350634531189e-07
2.194565580847976222e-07
2.194244312063510118e-07
2.138247748783537090e-07
2.143044588255998951e-07
2.205098400440114440e-07
2.198109699066915180e-07
2.183028417930312071e-07
2.194647868799836983e-07
2.179156508266133965e-07
2.240144312306803822e-07
2.142196776035087396e-07
2.166044147632490719e-07
2.184635984115581560e-07
2.139263333190314619e-07
2.175814246990983228e-07
2.178828569961190046e-07
2.175055693475278647e-07
2.146524048759148832e-07
2.203866574130949243e-07
2.164375023048919866e-07
2.173761502633677577e-07
2.186022235345892300e-07
2.178136442049688440e-07
2.178021097673530927e-07
2.198024908643994015e-07
2.205849788136669555e-07
2.229890113892284204e-07
2.150649104761557513e-07
2.191904910774042004e-07
2.192637410866687129e-07
2.185241367331462661e-07
2.161502174227929019e-07
2.198595071827818184e-07
2.196319307228772419e-07
2.198571922103982886e-07
2.159128403474122419e-07
2.206218912933302395e-07
2.165692489543711708e-07
2.170109255010903741e-07
2.234845748482815621e-07
2.188258639507829519e-07
2.189777002107635165e-07
2.226483363701611246e-07
2.165072555678525484e-07
2.140742655701002865e-07
2.126597557608059307e-07
2.195429488980932241e-07
2.190469790698393944e-07
2.213747688787497924e-07
2.209523651617003956e-07
2.124649422030955167e-07
2.130863635752535849e-07
2.152033153901309108e-07
2.188482652678388692e-07
2.169629192213288415e-07
2.224599763951792118e-07
2.134591460877283995e-07
2.132258600921743649e-07
2.183797930220107509e-07
2.223911500136320531e-07
2.176210438501598595e-07
2.161655838474522030e-07
2.136849812751729544e-07
2.175573129715874356e-07
2.222397691513269286e-07
2.169680564713529561e-07
2.154134773528274791e-07
2.191251803947026788e-07
2.166106274023012663e-07
2.206743624064474867e-07
2.144350691702112571e-07
2.146652695540258476e-07
2.152611815169938973e-07
2.194427997044542210e-07
2.248821380610068723e-07
2.210967100014331976e-07
2.153885273269496110e-07
2.212206840536797978e-07
2.210212160866864043e-07
2.160983557474600399e-07
2.152762302565201846e-07
2.130211877386152998e-07
2.192992122087281471e-07
2.162566439738284102e-07
2.174233887260557101e-07
2.155467910177714401e-07
2.166086606645211849e-07
2.265779447847039892e-07
2.150355575177194828e-07
2.142297747669907498e-07
2.162182547254411882e-07
2.166777646794155501e-07
2.181149527398562828e-07
2.173640126576016293e-07
2.133275617384273474e-07
2.206354061744742887e-07
2.213417746804128299e-07
2.183529579514312926e-07
2.138328804970143376e-07
2.167318456031428646e-07
2.171502679794806814e-07
2.163787198249285054e-07
2.167295715696384066e-07
2.137745880287253038e-07
2.187599374280725757e-07
2.205446455336137399e-07
2.159998811301291889e-07
2.140270589101781814e-07
2.214154958561452715e-07
2.149773086906290932e-07
2.169037006119231154e-07
2.166125492803133652e-07
2.243721359047611335e-07
2.177429819271576619e-07
2.174556345965363808e-07
2.187238228208960349e-07
2.176099292444105975e-07
2.222840472071190296e-07
2.166741818408714641e-07
2.182127638666970922e-07
2.184010207541847602e-07
2.218312344834475468e-07
2.145818854911443403e-07
2.152543231593070021e-07
2.190215867206512056e-07
2.222606638967989678e-07
2.173212068987628346e-07
2.178475604514817147e-07
2.195100766513985080e-07
2.156536216524009043e-07
2.213960177417371052e-07
2.155203867856440334e-07
2.195394644495532411e-07
2.127409956451629671e-07
2.145150458953685812e-07
2.178086304787308684e-07
2.191328321704686698e-07
2.151634444782223893e-07
2.172004852207337140e-07
2.229780347833008822e-07
2.218881821594397445e-07
2.165411944383996851e-07
2.142523323355748313e-07
2.170976356742626070e-07
2.186845023534936587e-07
2.175751320985357300e-07
2.146914860775414882e-07
2.156259652660809016e-07
2.201581819205062526e-07
2.185983918553449067e-07
2.196217722884025421e-07
2.153143866555621973e-07
2.178751757300276904e-07
2.232458602588725464e-07
2.201127929256616859e-07
2.171316939614489532e-07
2.177093702266958743e-07
2.173356019894828620e-07
2.193465336872421525e-07
2.259223100213701541e-07
2.161132770012713401e-07
2.147065792490736906e-07
2.188256842544224877e-07
2.153926744578093011e-07
2.204321818538166948e-07
2.139822101630029781e-07
2.199702530901971719e-07
2.168873010503915602e-07
2.143995065891554825e-07
2.194223332371758241e-07
2.160766212356553505e-07
2.146455283991119823e-07
2.229953568270841967e-07
2.214606014152321031e-07
2.192609593643419088e-07
2.178853989838680590e-07
2.183290670959285730e-07
2.168542997852994557e-07
2.179704079774059884e-07
2.130769826637888673e-07
2.213525485950080199e-07
