7.944757501526169760e-03
4.922236788989571592e-05
2.037935671705468410e-05
1.057307252039790039e-05
6.838876499013595147e-06
5.402473332576265080e-06
4.542391336672382200e-06
3.688482078102005133e-06
3.462728042779560608e-06
3.012933852064917840e-06
2.608555602803997309e-06
2.131756565819248949e-06
2.089590605641147173e-06
2.151339297348165889e-06
1.875419190545282139e-06
3.671421999414887307e-06
1.356955648908089555e-05
1.029331416535271703e-05
1.504525840766757395e-05
4.206876718211698886e-06
7.970834904491745369e-06
1.959800797557755963e-05
9.155507499310357151e-06
3.790239286884159565e-05
2.749071387262459065e-05
4.722510163172844670e-05
2.368854141351699636e-05
3.946576828887694437e-05
5.527600598247073488e-05
5.852031308800137080e-07
4.274563163915529799e-05
3.914593770943053603e-05
7.781654211726933407e-07
1.800366237932738935e-05
3.513440281431152822e-05
4.043264025790416406e-05
1.175513906014220427e-05
1.528412229885120979e-05
5.207141561602295792e-05
1.299692773267832710e-05
3.530197648606294108e-05
6.083390141552040789e-06
2.087708033127767465e-05
4.077527064281614327e-05
4.581013340859113711e-06
2.860460100709582193e-05
1.407179261319009779e-05
1.927959691693437503e-05
1.445962648336007375e-05
3.592867892108459962e-05
1.412057489850815302e-05
5.010696200607252242e-06
4.478993955045357266e-05
5.138052228080678951e-06
2.527498930421686796e-05
1.281175544443472657e-05
1.618646604319703565e-05
4.255515411813231523e-06
2.923958843485539966e-05
1.534683272256249348e-05
1.857157146330741930e-05
4.523600343263701958e-06
2.910270803146546839e-05
2.293848066739560517e-05
3.224085121944679982e-05
4.632995426463974234e-07
4.484931661203536521e-06
1.464265962430893968e-05
1.431186478395169570e-05
3.861875945396708257e-05
1.549650809507933144e-05
3.725915231018528488e-07
1.965806019026724026e-05
2.818116115974911921e-06
1.487048525366226112e-05
6.650874176831327744e-06
1.361446821169271438e-05
2.409178003864400518e-05
5.650150704650983393e-06
1.713218130441518760e-05
7.486636803343558489e-06
1.038242678543556803e-05
1.696773991194723845e-05
1.291623143805917712e-05
5.393978355311658029e-06
1.725081561066795128e-05
8.350278563322250053e-06
4.224175508951644720e-06
8.481507682219569303e-06
2.122311477339099999e-05
1.519786381990120827e-06
1.501849092738576346e-05
7.515911605412589714e-06
1.330104365110675353e-05
5.679234284657111262e-06
1.637063834792894007e-05
2.616480683756518941e-05
3.622622428848476598e-06
3.474440774794885818e-06
6.505352204468810134e-06
4.339700880994701228e-06
2.303634710812660875e-05
1.204983786219833376e-06
7.908631048102249524e-06
5.068354227562073825e-06
1.791171779476054827e-05
1.972726193240605020e-06
1.124705816199773919e-05
4.315810209641178863e-06
8.383881048874235588e-06
9.428034957213376758e-06
1.016545685261681626e-05
4.897016416334381630e-06
1.775397731797853350e-05
2.300373160211405103e-06
5.833655177906860659e-06
5.719521643726311155e-06
8.565780504551064189e-06
7.643405712934454291e-06
5.518475047191013116e-06
1.070310239758092926e-05
1.338325980231067212e-05
9.768843940080777836e-07
2.866863940884209311e-06
8.930713459158338949e-06
9.669684114885390526e-06
3.559330022427350797e-06
1.008515716400653789e-05
6.716601551512305437e-06
3.903241446240880031e-06
8.809682872448337324e-06
1.467876157174957377e-06
1.895341487639542785e-05
7.763657651042581088e-07
1.013759477392494360e-05
8.070182831366451564e-07
5.014387322628438490e-06
9.105895865089026618e-06
5.305807307718992503e-06
1.334135716969031346e-06
1.233864871292298513e-05
1.588563385680365850e-06
4.578675652297276456e-06
5.365486380248080892e-05
9.400169490399925212e-06
5.857782196063792016e-06
2.702439843817255779e-07
2.866910472772404162e-06
3.477220719033260249e-06
7.190089091820320402e-06
1.547477037297736987e-06
5.844221300604664913e-07
2.687357813973966822e-06
5.288387600686653153e-06
2.857980027309881569e-06
4.878335667791180705e-06
4.657006925219044492e-06
5.030761197273740646e-06
2.586219339176906078e-06
3.590581417125847722e-05
1.642918235917464319e-06
6.496278444646882564e-06
5.179114054186839634e-07
1.238155764240285146e-06
3.657116806621762710e-06
1.167463601363113111e-06
6.263334435453514467e-06
2.101006538726314744e-06
2.490560402357387829e-06
4.914132778454077624e-06
3.196716605980889372e-06
4.718527639446351428e-06
3.142641145099949735e-06
5.381807292445527960e-06
2.772456272221620574e-06
7.176457020104406310e-06
2.495765746024024754e-06
3.586104294768468917e-06
4.391808563191101504e-06
6.297602781025735707e-06
6.718791622924272446e-06
7.010477887195347593e-07
3.817031221677354999e-06
2.841405131428909212e-06
4.600295264173725186e-06
4.401769217231109948e-06
5.130102132227983071e-06
1.870659929102860879e-06
3.642876736940053879e-06
7.076038183106929239e-06
5.825121456299284950e-06
2.551742694545663002e-06
2.017493521696936018e-06
1.999326633669895077e-06
3.824814957606077634e-06
4.323750351619626628e-06
2.350927891430519181e-06
4.160107700033226318e-06
2.360108903258570644e-05
1.617750617106841671e-06
6.838182088645939122e-06
7.654378126937645560e-06
1.685809849387991608e-07
2.046353672928057243e-07
3.562229491905961773e-07
4.060344929193152245e-07
1.148992001269122299e-06
4.071391639811459628e-06
4.669311862996010331e-06
2.015734224178083259e-06
3.598318477288693317e-06
2.301838183817850806e-06
4.607838994246242592e-06
1.230695574573727775e-06
3.375386688138704082e-06
3.121190420101991925e-06
4.763312558312687099e-06
1.074348233721010516e-06
3.201916950741427495e-06
3.283768363164940099e-06
2.671299007012604323e-06
2.586382273197335267e-06
8.109052513435189441e-06
1.117719919892396700e-06
1.305681481670269772e-06
2.176645819754906600e-06
3.414480571574355273e-06
3.451973431737122394e-06
1.681862757666533875e-06
5.367670109725104766e-05
1.876523152288944656e-05
1.517852886832368573e-07
1.696080850240116467e-07
2.116504859172516660e-07
1.960928109027683306e-07
3.683912242431306679e-07
3.569298777483236826e-07
6.564727201320582812e-07
3.004801727980396516e-07
1.968461170657360083e-06
1.212695596200125046e-06
1.347993458642594173e-06
1.716307127955076131e-06
2.950511417543561556e-06
1.362816484964647893e-06
2.257241940769569512e-06
1.886047847456569025e-06
2.246697705042063716e-06
3.971375663818242424e-06
1.825943704955757772e-06
4.122550320967397516e-06
9.387321270794829004e-07
3.342304195183764891e-06
1.432745652817629329e-06
2.126569543702647552e-06
2.024559269551144871e-06
3.981953649800070952e-06
1.587222944863116230e-06
5.283822172865408995e-06
3.488433070889542066e-07
1.556863468288095718e-06
3.390194971984644704e-06
3.356088018579581753e-06
5.210619178822315081e-07
2.047726852429224519e-06
2.636428602718451720e-06
5.195686464271579195e-06
2.296525992723373129e-06
4.051815922037812350e-07
2.783282964071818366e-06
4.038792606891309212e-07
2.952808728224444911e-06
1.787525568140724819e-06
1.695154018492898159e-06
3.237467405706274019e-06
1.594621454110278027e-06
1.046475898150991756e-06
2.398696454535166064e-06
2.208284932356672944e-06
1.094809919506589746e-05
1.161669175431138629e-06
3.947420277226775567e-06
7.256461509777128725e-07
8.924757083494277757e-08
5.626091226164232226e-07
1.457353669024150582e-06
4.812257305341899864e-06
1.414208025634230893e-06
4.963156278779028039e-07
2.545649106397714018e-06
2.001240716513616528e-06
5.074415482771815265e-07
2.643403775127507471e-06
2.557674791437192053e-06
3.229702159679571640e-06
3.346906410268779804e-07
1.487376813468130971e-06
1.666411685030646686e-06
2.570368115532389058e-06
6.697418923148965102e-07
1.859181418112501921e-06
2.175737804115988140e-05
1.697740757909558591e-05
1.371497746810164351e-06
4.239609905297109105e-08
4.173146009841294582e-08
3.701884883854232208e-08
4.312870952163885985e-08
2.923054749563934188e-07
1.481181978290268034e-07
3.957401848069624136e-07
8.900858318418930614e-07
5.613738694961009596e-07
1.322298250124307200e-06
1.704031021295272606e-06
1.448409570660142075e-06
1.398465449656459809e-06
1.891333623771665116e-06
1.716692616104998960e-06
2.539518037733684790e-06
3.564711715000264992e-07
4.197279023095815795e-06
6.128418753828010285e-07
1.968200830134305864e-06
1.080411881676903275e-06
1.585458467439576756e-06
1.038142927171454325e-06
1.492828669502545121e-06
3.414476408720478237e-06
2.249081461144564991e-06
1.137493835470221174e-07
4.678478228686903996e-07
2.583017433416937261e-06
8.612247368461746442e-07
4.628199513561969870e-07
3.744962731908019985e-05
2.487317243000758060e-08
2.223296164709096111e-08
2.516235341883714991e-08
8.402569208592051604e-08
1.134647059388665844e-07
1.230426857893043639e-07
4.021212321697714746e-07
4.694814079608848305e-07
7.603622885658497216e-07
4.401218228308585800e-07
1.077746782158634818e-06
2.189155331055037501e-07
3.322128901439574147e-06
4.458534605881340876e-07
1.681112227618264253e-06
1.649979741202525441e-07
1.778336093125042117e-06
2.024931997038584262e-06
5.374620687151721327e-07
2.170719215220609476e-06
5.989988036567983496e-07
1.544215607599396240e-06
1.705566509283551672e-06
1.682121450224695867e-06
9.661067055635795374e-07
8.074389442644062217e-07
3.040898052348558399e-06
1.435830629898707164e-07
1.985441305309969476e-06
8.735887968819094257e-07
4.872451309806041021e-07
1.885397478836958488e-06
1.641824623380516801e-06
1.064362694389647982e-06
1.867000323465401918e-05
2.591922606369937366e-07
1.879208406694458027e-05
1.299301385255224053e-08
1.060525246147202555e-08
1.001650035838359794e-08
1.091347180698514127e-08
1.308564904146927011e-08
1.610767749693193332e-08
1.226037868151466519e-07
9.156774517981609949e-08
2.255366427338608635e-07
1.427295514541785469e-06
6.070949154876540801e-07
8.011809332193497972e-07
1.084574807102115695e-06
1.364767426925902135e-06
4.550789174563864985e-07
1.443262865723720287e-06
2.016942189605078998e-06
2.250594708442011825e-06
6.200965006919875202e-08
2.070145006945562660e-06
2.293034181480837852e-07
1.075303944433179439e-06
1.769380867761234334e-06
6.549284286684475554e-07
1.783155366544437427e-06
8.562439730937574504e-07
1.796418929087479043e-06
5.562088889913002525e-07
2.403695579223295793e-06
7.699606061421877897e-07
1.011829538179839488e-06
1.202414279639156387e-06
1.067200731877191481e-06
3.117099312881581964e-05
2.276653286860846681e-06
4.560158663495720612e-08
1.879545896041516904e-06
1.166865055112278956e-07
9.756266063559723048e-09
1.711514711282825142e-08
4.983199118789404396e-07
1.157461933414851525e-07
6.675865614958224121e-07
1.559734896375611338e-07
2.809174148555283420e-05
1.492510298558857752e-08
1.897043241642242962e-08
2.038670798751399658e-07
8.054246331017235413e-08
6.608271946134730958e-07
1.313409163779921562e-06
6.458358057000227503e-08
5.245155159020365908e-07
6.703333888249796528e-07
1.668567192076631279e-06
2.984949506825707317e-07
9.049641493857063927e-07
2.350916791589663578e-08
9.703308428911609463e-07
1.045311782515800435e-06
3.900052261135805833e-07
1.407962120747722493e-06
6.969054863398696890e-08
2.856288857008448517e-06
2.332634753073160916e-08
1.266162813071596244e-06
1.029709857564170461e-06
6.551539119123076218e-07
2.790608674881209807e-06
9.922541826930148396e-08
4.779110226983476134e-07
1.002237589911978347e-06
2.467237149284467377e-06
9.702041152307642173e-06
1.180991751003693052e-07
4.995445842752628285e-07
4.031102935891560216e-08
7.485263928822122715e-07
1.662963616436574861e-07
3.687788713854035693e-07
8.316913867814378719e-07
1.312560618791589784e-07
1.280285636668668174e-06
5.357432939244448095e-07
1.426266759137843410e-06
7.110984662072838934e-07
6.023437383941758739e-07
3.314777189005791754e-06
2.275559408331973758e-07
2.783486567084210109e-08
7.669739116237429302e-07
4.276095576176686905e-07
1.364399634035037476e-06
6.785568967775519720e-07
1.460177148085722402e-06
4.381823934282179519e-07
1.400377020311345846e-06
1.457730701803674769e-05
3.684313498818081968e-07
6.621426973139137600e-07
8.823022536389779645e-07
3.233122088230519791e-07
7.435055593122877093e-07
3.144100238866982598e-06
1.560969994936946005e-05
7.837848972041980481e-09
7.299626272118795511e-09
1.406810049884069603e-08
5.231618718377582194e-08
3.192780958672868905e-07
7.822536689665790594e-09
1.864609654479917520e-08
2.733629388698170988e-07
1.732426468403210826e-07
4.711644515695696677e-07
1.979320495730770225e-07
7.396521859492891676e-07
5.137076333579329380e-07
1.578508247490380790e-06
9.002545622615804067e-07
3.148336042940872103e-07
1.150285467013028988e-06
7.752666484821375295e-08
2.366188018861826640e-06
7.703001678687222111e-08
9.406220899916593982e-07
7.481496300291761759e-07
1.035296154914896682e-06
2.015700865479136037e-07
1.624554191072789387e-06
9.087860197586256686e-08
1.704722964507492206e-06
5.231718692403455946e-08
1.363636991729848471e-06
8.490461127633572366e-07
8.180145774954387663e-07
3.862631299896498308e-07
1.125033927801695258e-06
6.456781271328174964e-07
4.081624624788318723e-06
1.026490429616914071e-05
2.826139037897858922e-07
1.608275289361492866e-06
8.065418693115975518e-09
8.991262286596300977e-09
1.041593922411579488e-08
4.336014112850765763e-08
1.783934902371344493e-07
2.142651508879947804e-07
5.557093709534966595e-07
1.199082893484573335e-06
1.101411424277014573e-07
1.190200263780388876e-06
1.312730829465733144e-07
8.284056152330268301e-07
1.041761471005912565e-05
4.417383355060418669e-07
9.211536611755934294e-07
4.060488549926462075e-07
5.659056672688914246e-07
1.675305862969745954e-07
8.983580945386197544e-07
4.915616264374260363e-07
2.788905821658716279e-07
6.104677555362625154e-06
2.825129711065667345e-08
4.459547119292107562e-08
2.439026484555024931e-08
4.080983409049858778e-08
1.375176190672680433e-07
2.334244305565928979e-08
9.515701146040021814e-07
2.120210709198515283e-07
1.643330351509218726e-06
1.604772856839249376e-07
3.431950983663987211e-07
8.307915932870316708e-07
1.592840826399785886e-06
4.328226023679333207e-07
1.118392410056511026e-06
3.059455044415701400e-07
7.698109421284720398e-07
7.312854589793142617e-07
2.233785955232459389e-07
1.536910800654227132e-06
3.454438420393623246e-07
4.032648742567231851e-06
1.815916449268605357e-05
1.377708167179032154e-07
1.709713203466069662e-07
2.260277863929565923e-07
9.534484497680357062e-08
5.034873958508084286e-07
9.918443823376411037e-08
5.868372472518700893e-08
3.001773364076446675e-07
2.351193113459512769e-07
1.616173889732756263e-07
2.869919872709817340e-07
2.782790465365975506e-07
4.745127429805198597e-07
1.148952924178588897e-06
1.329573263492464100e-07
6.594170173296311201e-07
2.858013022533584604e-05
4.245949984122261081e-06
2.906871895769219075e-07
7.793736019770862369e-07
2.688833360662688279e-07
1.530951256212646176e-06
1.443248572332635573e-07
2.157275804296227834e-08
6.310909312671154505e-07
7.813532062205094916e-07
7.445225145247394384e-08
7.623570059735505464e-07
4.535237022762305031e-07
3.653185435953899939e-07
1.000901518300775705e-06
2.622270367191484235e-07
4.997838043247118546e-07
8.752200845604838304e-07
2.770988389469497808e-07
3.977832614312536726e-07
7.732774936509385315e-07
4.662019857139204713e-06
3.858450846249751247e-06
3.275369254296156362e-08
4.022145482563114356e-08
1.738380617487336959e-07
3.666719406432707247e-08
2.974243805365048775e-07
2.415560133532407871e-07
1.733447942414514155e-07
1.761609279264177071e-07
1.852499905132528917e-06
6.774688561817013489e-08
5.098382866311893060e-07
1.152374441794872133e-06
1.440644236909074486e-07
1.026249807117067956e-06
5.337015470939452395e-07
6.374813837604551179e-07
6.272841304521985336e-07
4.301783205016842195e-07
7.123501232848464523e-07
7.787338197765509341e-07
9.385884019596080321e-07
2.436558683592000898e-07
1.101490200488170227e-05
1.423840027350401081e-06
6.364303412681004413e-07
1.315978709897984706e-05
1.187826525463098876e-08
1.177871721325459156e-08
1.168598477151358021e-08
1.255430197772161547e-08
1.202037479029214692e-08
1.174540214485157023e-08
2.164522900215761110e-08
2.007511772071654147e-07
3.190293519738711219e-08
1.231548374820034213e-07
3.391811549289778802e-07
1.045577632392130392e-07
5.086536881814223106e-07
5.256047455544170002e-07
6.137213377326863036e-07
5.916678964036406283e-07
8.645492339720591589e-07
6.467117486724666964e-07
1.127498203203275570e-06
1.165995837389932542e-07
5.256173450922788613e-07
6.567223874437512406e-07
4.266038728935299062e-07
1.521357048109507593e-06
4.161780690038732119e-08
3.537805163900526383e-07
1.397324711481824221e-06
3.501108966721801187e-07
4.541180076770544676e-07
3.087251019369838782e-07
2.402759973506855686e-06
7.026587930792781636e-08
7.945898647001637139e-08
3.837304661118281537e-07
1.819232280201491858e-06
9.688854414262860282e-07
1.114632695576849432e-05
1.289330841191159843e-08
1.385985033994590170e-08
1.894046661438330373e-08
1.028840105330072676e-07
2.596552826516660373e-07
3.457880678641476886e-08
4.418034058811855165e-08
1.503427391380215112e-05
1.374366083849337416e-08
1.494187743733611682e-08
5.899060058923350552e-07
6.360302354491366697e-08
1.123475921192289528e-06
2.388768149102715296e-08
4.289398492959812205e-07
5.833896403748290223e-07
3.571643780233723415e-07
8.418100586834624055e-07
8.940356492062321375e-08
7.824194218269653123e-07
3.538880812616464937e-07
5.885169944446052446e-07
4.747007690757873392e-07
2.901611487703418770e-07
5.066901468371924293e-07
6.740392988497342020e-07
3.642543258996755303e-07
1.049844797459425238e-06
5.850871038082715613e-08
3.103102179124701305e-07
5.507437244339500113e-06
5.988214039349221101e-08
1.764981653175520559e-07
3.981877783560299116e-08
1.768146260989351476e-07
1.146003069009664521e-07
1.179300273383352173e-07
1.022555704854086826e-06
1.435707300681159103e-07
8.050331646171312042e-07
2.306374849096449722e-07
1.381510767594087962e-06
4.129404551487790078e-07
9.045254899363888965e-08
9.983433848065842370e-07
1.442093707785497875e-07
1.597653133713011899e-06
4.268961264400564400e-08
3.797824851015058788e-07
5.666347227587935699e-07
4.491390350416345848e-07
4.642674901782914504e-07
6.522465007974552519e-07
4.937326223269355502e-07
6.176062355277307326e-07
8.632738980760783077e-07
6.298430622312489121e-08
5.163970502855529663e-05
1.683529354804291877e-08
1.378868360628976754e-08
1.384643148013285772e-08
1.284018826421456856e-08
1.218760497807771976e-08
1.200369775700799650e-08
1.138447005877671520e-08
1.175488839705889071e-08
1.180950827165393485e-08
1.053953413822077600e-08
1.165338467746497835e-08
1.757741527849514789e-08
2.844604432578976564e-08
8.096531293323640773e-08
1.911000234969981581e-07
7.662937901523156072e-08
1.489648430180235612e-07
2.200896481155654177e-07
3.812319006510136314e-07
1.148899739732811829e-07
4.886469378326715875e-07
4.915971340660551904e-07
4.985256572238503467e-07
4.505227159540374436e-07
5.868700990946312640e-07
6.013873607709991069e-07
6.558829837980446267e-07
3.200901308187425213e-07
1.371042489708989820e-06
2.102359606962908789e-07
3.917248741086885033e-08
6.808285859456006275e-07
1.242466015533097792e-06
6.522479035175713534e-08
1.795377498518609478e-07
1.358394407429294643e-06
4.318148178633391028e-08
3.196806064989221945e-07
6.994521710881519566e-07
1.621031093973803232e-07
8.935391814629660137e-07
4.653297185642806253e-07
1.684599855106169373e-07
7.719834219465896828e-07
5.958269582032031367e-07
1.973045129937470828e-07
1.873375173014033655e-05
9.768432337145349401e-06
1.046063121919442012e-08
1.020180280436168959e-08
9.370680266494416331e-09
9.179876496854955568e-09
9.731390179122735475e-09
9.324292013412614604e-09
9.639246965086943513e-09
9.964929580375355980e-09
1.270512354599610748e-08
7.960419952876849307e-08
9.511025607569557401e-08
1.742289570491635599e-07
3.394501665334347800e-07
4.813245493886801879e-07
6.914040489316826974e-07
1.288279568548228113e-07
4.364840559127722269e-07
1.496575031920928259e-06
1.746351095191323321e-07
7.325924534971605110e-08
8.969558080508694570e-08
6.555782131860981951e-07
4.542278924521336816e-07
3.705898218838036775e-07
7.763572670731197856e-07
1.683722013248317438e-07
5.793743131422106984e-07
3.670850392444213000e-07
3.013915986954605313e-07
1.185892721420904552e-06
4.657464454402749476e-08
7.931444939670710815e-07
3.649757977739831087e-07
5.215316598386481365e-07
4.557406242039848735e-07
3.122586728011501374e-05
2.742103198933747128e-07
2.518050030029477092e-08
9.634814580105973786e-08
1.106396550633185146e-07
1.380677287396224283e-07
4.730534808267761295e-08
1.619470867061001464e-07
7.000898432127415400e-08
9.527153559602287450e-08
9.309530533615703786e-08
7.990700100269253818e-08
8.396059760378156270e-08
6.050312407945409492e-08
1.603880629418050879e-07
4.687232405529032228e-08
2.073536325513380668e-07
3.728305064809051989e-07
6.685742845150324302e-06
7.133439305438809578e-06
2.595746121546887455e-07
7.036161139969675514e-07
2.650279413526294578e-08
8.219264115899229843e-07
2.335671045033485908e-08
3.830833465301674783e-07
5.367622612930214061e-07
3.330326084423851342e-07
2.086852271273121970e-07
4.088987466377679182e-07
1.496908267456333536e-06
1.522350915001707573e-08
1.741454815034115393e-08
5.282455282687926305e-07
3.183543940983080662e-07
5.262376213837388852e-07
1.790419424725548613e-07
3.674053998245747867e-07
6.526122199200580610e-07
1.414840563488924635e-07
3.264710339989110099e-07
3.549328320803877863e-07
9.613733587780547566e-07
1.275393990682547946e-07
2.032660658481167491e-05
2.851139277100041867e-07
1.312707588230812712e-07
7.000711308709096059e-08
1.036826116904668689e-07
4.178602661965776822e-08
9.073896875621766708e-08
9.709336100831154443e-08
9.384935156706972316e-08
1.142549568240217080e-07
3.395978077038806297e-08
1.604386243279763030e-07
7.070863312519669098e-08
1.426708413494998757e-07
6.431174014795987100e-08
1.000276042634353400e-07
4.905595151892093803e-07
1.290331135198509346e-07
1.334757402057275066e-06
7.864176386483062910e-08
1.704198049425851639e-05
5.934381351123679829e-07
5.814861010879531936e-07
1.111981775063196429e-07
5.901051418283825368e-07
3.412390161524992636e-07
2.257123679346749543e-07
6.334168600254599129e-07
7.791266318210592881e-08
6.184962088148437846e-07
1.682835122202936852e-07
3.168822640641573158e-07
1.062866554749464315e-06
4.392242191363507480e-08
5.689371018318512351e-07
1.390681987799294505e-07
3.628520857459727477e-07
4.832524622167163707e-07
4.032230819008784475e-07
3.805720684107278212e-07
2.808846258446138276e-07
4.330693734102023347e-07
2.626306471988031666e-07
2.086701194156905651e-05
3.262369195103691895e-08
7.378715756036075878e-08
5.969981874729430166e-08
7.549353917249957942e-08
8.448367328072025370e-08
6.485481705123923846e-08
7.719480436315294967e-08
2.271503223868419282e-07
2.761638544094543142e-08
2.013848030791405777e-08
6.607029739698284965e-08
1.059239185088871209e-07
8.109381956742729523e-08
1.435801857223152357e-07
2.959427604513909992e-07
2.914343903528555553e-07
3.742077400845542910e-07
2.448725417458952027e-07
5.994899393825655744e-07
5.985943895255286233e-07
7.658069161321281758e-08
6.574024736723616457e-07
3.329614241070511628e-07
4.314221582804820177e-07
4.279541160813034293e-07
6.966950459072432888e-07
2.656649485953184328e-07
1.603365743768785268e-07
6.543257949944814775e-07
6.313772887729547168e-07
4.951051782765389684e-07
3.705591401544163245e-08
1.005943458125440356e-05
1.042306335339543441e-07
7.069365115940345280e-07
2.635384045316419600e-08
3.274380003405812248e-07
5.753962481210261578e-07
1.309547623209605109e-07
2.239414637402790836e-05
2.087013264646098554e-07
2.003292302350051228e-08
2.505532240748628752e-08
2.043752283447194886e-08
2.425130567312051428e-08
5.896085932968889276e-08
1.132645721525661034e-08
1.578502314061555191e-08
1.632769254392658133e-08
4.852418209917537877e-08
2.067287092559293781e-08
2.682180749471177817e-08
5.287120870703081297e-08
3.248790079886110559e-08
7.114208638239030790e-08
1.754900980815868784e-07
3.106837185616407209e-07
3.563404929376300672e-07
3.335110299786205748e-07
5.089815253948318305e-07
3.557217185853752021e-07
6.321888584108635864e-07
1.272474202960939881e-07
8.671556624826255339e-07
3.184376729775035071e-07
2.725968253409986459e-07
2.063842004736589857e-07
4.438153328415136481e-07
9.079721918773140083e-07
1.333465671167227288e-07
1.188310959511258885e-06
5.080894379486975090e-07
5.214335305807599593e-08
2.016237549906520028e-07
6.833746351862910159e-07
1.476558579774072985e-07
3.917663853333238058e-07
4.850242031121707049e-07
1.972851851374631957e-07
3.839658559468416075e-07
8.247442716184540909e-06
4.167767501341154581e-07
2.472926847316351189e-07
1.370141519389128117e-07
4.269718365061376098e-07
1.215011138589966677e-06
1.087770595644855144e-05
8.585439256781705442e-09
7.880885457249708946e-09
6.961677680821043655e-09
6.998349474145906415e-09
7.406149198010532051e-09
6.539800662108072420e-09
6.934995904183987976e-09
7.040906569269043303e-09
8.911295181546776111e-09
1.653306324233433101e-07
1.486911300159654721e-07
2.803412405254969964e-07
2.634205243489759933e-07
3.574974815426917191e-07
4.382231766571106333e-07
1.770913863427936031e-07
5.412190812591833732e-07
2.005487788255509940e-07
1.019385046566818249e-06
3.381492224270716337e-08
1.059577494880618523e-06
3.368278047290612497e-08
1.663661933079216301e-07
2.621002564791711704e-07
5.822446898703490316e-07
3.787905138679518293e-07
3.257421944621481857e-07
7.291164766797609686e-07
1.725495181984730198e-07
5.366994177154435047e-07
2.647151385171487622e-07
2.974926490216470120e-07
8.214106603568729867e-07
1.543848188295139143e-07
2.554554036782805183e-07
4.316164491538246567e-07
3.095370841040246072e-07
4.513871896341828201e-07
4.493540359457376594e-05
4.731002225646583470e-06
1.505746294184929471e-08
1.334258231588360315e-08
1.214800951838381155e-08
1.117542604318889902e-08
1.022269218406405392e-08
9.279362836418330212e-09
9.320173903878980026e-09
8.235708866922767786e-09
7.645598723837962771e-09
7.277248170870822441e-09
7.565731109273523533e-09
7.076410007487684368e-09
7.149841388990807787e-09
6.927484885509378539e-09
8.051967076112781839e-09
1.134928310931880386e-08
8.924948264476241461e-08
6.179694706622236498e-07
2.281443620128253205e-08
4.658941758113387693e-07
9.854198482208019514e-08
6.604483630321906986e-07
2.675609488375098016e-08
6.514892643026627088e-07
3.373853315381613602e-08
3.388778092515720882e-07
5.154268128178620126e-07
2.330547348286515971e-07
4.390676704232512385e-07
6.915528379062580100e-07
5.031604575540664363e-08
5.726749604293133007e-07
2.729236102962966288e-07
2.940591084364695869e-07
5.203302556428284177e-07
2.667595093489028303e-07
3.055969056737389328e-07
5.483134813218446660e-07
2.134577954598734592e-07
1.045931506693929790e-06
2.173039286705977331e-08
2.107447506566061948e-07
3.895359540052251544e-07
7.504378411697297243e-07
1.651928876986145261e-05
2.518261353266269436e-08
2.836773013488676714e-08
9.002905629901365141e-08
4.554216127876668254e-08
1.441777976232632941e-07
2.460155270318607032e-08
9.446459875653527558e-08
1.134073204756569238e-07
4.174006968103165594e-08
2.265598829698836220e-07
6.369768504161801214e-08
1.463964437767263821e-08
5.210202543569477285e-08
1.708000126514620507e-07
1.345804032744063131e-07
3.454016530912838640e-07
2.447142604821038040e-07
8.218596905765714254e-07
1.338307746833316837e-07
1.034990579766925382e-05
3.708739201128435462e-07
2.227008601942949571e-07
2.521968068427178465e-07
2.896075857606515595e-07
2.780256751375264827e-07
4.700923178875517048e-07
4.614764261165755887e-07
1.844182464090873432e-07
3.661350703552542787e-07
1.707418461101610074e-07
1.109174846536321703e-06
2.768180905894150363e-08
3.978024076110019076e-08
1.735247603998080644e-07
5.758953301753948631e-07
3.856904575656480974e-08
4.924449477280985428e-07
1.027607877771039563e-07
5.474139207928003212e-07
1.422510496096060785e-07
6.817991461787676300e-07
2.151274017982065305e-08
3.552763887393699634e-05
1.681599925164427666e-08
3.147054352363587481e-08
5.291186475327240259e-08
1.233768589295727822e-07
4.780255694991628090e-08
6.452028464926188055e-08
1.015254981387681214e-07
6.624727674360853647e-08
7.190767984510765262e-08
1.948118166841982270e-07
2.782239123680252761e-08
1.963738972303933511e-08
2.978491386469324051e-07
2.080921216455692481e-08
4.127588514962291559e-08
1.913464602530998761e-07
6.292968454346479627e-08
1.310979462587190567e-07
1.105424374768253344e-07
6.052318845913777364e-07
7.695441400175409442e-08
3.584778097419237926e-08
5.330846790845217507e-07
2.845620996434544472e-07
4.848632207202285112e-07
1.391189174352407925e-07
1.393656196051383366e-06
1.510191269351005421e-07
6.262993431825597825e-08
2.740613785112103004e-07
1.832728983260901607e-05
3.172663838344952085e-07
2.094660100999654662e-07
4.091716062281211196e-07
3.059350341504174711e-07
1.036670200467268944e-07
3.060819990152697777e-07
5.347160895463883042e-07
1.110921790566904996e-07
3.066504366756956021e-07
3.595844334477225922e-07
5.525902261602304958e-07
4.010500469235000933e-08
1.856183111051789180e-07
6.116191906751277628e-07
1.287127604965636938e-07
2.404035555942145107e-07
3.746177221326429216e-07
3.543568825610546363e-07
3.611014576274652408e-07
3.277681817574378738e-07
6.168953926719150118e-07
8.779081501079933824e-08
5.455585202798472988e-07
1.134563306150571718e-07
4.094699208689351555e-07
2.595450260418229841e-05
4.749591479810554971e-06
1.479332667116722224e-08
1.624353450907163543e-08
3.243961664109141935e-08
5.181378460626479872e-08
7.199387513129582349e-08
5.406908124698132303e-08
1.117725798295989437e-07
1.242359019102006276e-07
4.849828715968195381e-08
2.267707817994523794e-08
1.736573813424091086e-07
2.055746543293446691e-08
7.286946179118173242e-08
6.175701094783142797e-08
8.654839321353005573e-08
2.262093184346292279e-07
1.702069016024987655e-07
1.437095514707841085e-07
1.686032054656234015e-07
3.432912112130347132e-07
4.138978482285232384e-07
2.147224420213367043e-07
4.341810133058169139e-07
1.765313780213944664e-07
8.638070296713991566e-07
4.273878911279460640e-07
6.544509956871249555e-08
2.107489084385038619e-07
4.199464427470048239e-07
3.129522416229207708e-07
1.377624581673062658e-05
5.138857919091445592e-08
4.724552734003726106e-07
2.441293232490662618e-07
4.070694920898899571e-07
3.296386112965589102e-08
3.713675655669264879e-07
4.648476001048920729e-07
6.429588224977695754e-08
3.896434709814795502e-07
1.516778856793237024e-07
6.151303274330941380e-07
1.295566645351212688e-07
2.305868469636383575e-07
3.174498598545609444e-07
3.327971558723594626e-07
3.055205324309848389e-07
6.368182191916232739e-06
4.622271594053822871e-06
1.094843976625243993e-08
2.610033127180259762e-08
4.443476954319714986e-08
6.010275576928780675e-08
9.626258900712961311e-09
2.927554981157629572e-08
2.924686714757201011e-08
8.721888379689489073e-08
1.453045024562412043e-07
1.276710471635702584e-07
2.910286306783377458e-07
1.785428310711059361e-07
2.820329386532223940e-07
3.642498305626246562e-07
6.416210279321086889e-07
2.196906501576615571e-07
1.749857368343850227e-07
5.226735998791949340e-07
1.203713280997929071e-07
7.060409538498389596e-07
1.292074392036341895e-07
7.297853444618088978e-07
4.574651326697153641e-08
4.001940527354086361e-07
2.091684604691352446e-07
3.883882906074612089e-07
4.535198039781787679e-07
2.956338608531535350e-07
3.574483595158955190e-07
1.917039838352662552e-07
2.665393081931619271e-07
4.562073992889320124e-07
6.624169137081533058e-06
3.437262840161736059e-07
9.648800913025768521e-06
9.678036511926535673e-09
6.564699427374679313e-09
6.307203591029013884e-09
6.316656763695524536e-09
5.918165494858324989e-09
6.723834845190101725e-09
8.203051448518972576e-09
7.910520201462142399e-09
3.608310706563803356e-07
9.052260330587343262e-09
1.014184761358726889e-08
2.937716654595982979e-07
8.219650783445915653e-08
5.289537964898159004e-07
1.609905336349818509e-08
4.645842236702067871e-07
4.871462883036356086e-08
6.180059974070746088e-07
1.788123297165799495e-07
3.442652222451804403e-07
4.460602073760639096e-07
1.484538895679375844e-07
5.430414087977107445e-07
2.604667840187141702e-07
2.148116467874869457e-07
4.448150818125477270e-07
3.581549689149997540e-07
1.505471263854949393e-06
4.910419154210558893e-07
5.368730132482973986e-08
1.290172195619990781e-07
6.748230025989457463e-08
3.458264641867877104e-07
4.773771587239070910e-07
3.292438739002477087e-07
2.372307132246160974e-07
1.565449888775499952e-06
4.642407139430753916e-06
1.364218483849117395e-08
4.488493035927116079e-08
1.842623408147054601e-07
1.013292906493994581e-08
2.298134400595168983e-08
1.248977603067655308e-05
1.136615989197620415e-07
1.436538124924654354e-07
2.471364403065088559e-07
1.942761451404956827e-08
2.776159878419481771e-07
3.845832802834857875e-07
1.678207736384195335e-07
1.933318236257353395e-07
4.146091945355943043e-07
1.164666597684228109e-07
4.068453086392598351e-07
1.068396467680256402e-06
1.748157078012621433e-08
2.922965979107264838e-08
2.156869179849055665e-07
4.173368314023589629e-07
1.428436589457879183e-07
3.995287357235635439e-07
5.713558193940246687e-07
1.912830856608436410e-08
1.562064124868218119e-07
4.451229890464620283e-07
2.014361275425333742e-06
1.674913376946531444e-05
9.934193529648562191e-09
1.176056874376986678e-08
1.321489639909915195e-08
7.986533628419333997e-08
8.675218877211175999e-08
5.287383514621321057e-08
7.366203093171507054e-08
5.605893680961760809e-08
5.445137967995988135e-08
1.217534422019304911e-07
4.830932124527118049e-08
9.267669918117252227e-08
2.713490116839394700e-07
1.935077619871011159e-07
3.852709370732535988e-07
2.650992790035602813e-07
5.769323048883867486e-08
3.659888409443572821e-07
8.656831332687543852e-07
5.554244508003194265e-08
3.528284813250055351e-08
8.541652602044262031e-07
4.605542077555111488e-08
2.377111557391737140e-07
3.449753297228069424e-07
3.793688515022416242e-07
1.061499484630170785e-07
5.317789057649448266e-07
1.083772898741486808e-05
2.143721308715568843e-07
3.544078796847173378e-07
2.317749398212242368e-07
2.517073359952145747e-07
4.356641934736120019e-07
7.925497548865712481e-08
3.341634564627421052e-07
2.333420414776824463e-07
5.853742889926143499e-07
1.344494687264208508e-08
2.839187752509434836e-07
3.430235886012418822e-07
2.088644500001956923e-07
3.309265501229017722e-07
7.397429197816240367e-08
1.196555651831796206e-05
1.017794073598136685e-08
9.783000129419873615e-09
1.777615516865268341e-08
3.059020006928778033e-08
5.813291014109672962e-08
3.397564496503875675e-08
3.380065527460978741e-08
8.348468665582530001e-08
8.237125368434729437e-08
1.024886853160872263e-07
3.781085433491427302e-08
4.542438143360592510e-07
1.281246398012205399e-07
9.658739651264158185e-08
1.866187109137860970e-07
4.318471003248370371e-07
4.891689379185396150e-08
8.703511105795527122e-07
4.287655625034227317e-08
2.239291488092011741e-07
6.925206109382716827e-07
4.783933562667952964e-08
7.444455690650228476e-07
1.405852834443955500e-07
7.620726324556664687e-08
4.799163160504783484e-07
1.412879848061666871e-07
4.656931742911973895e-07
1.013231080870696217e-07
6.144914498480505588e-07
1.334952716802140391e-07
6.588235185388465961e-07
1.612221588801361099e-07
2.504637250102062643e-07
2.748739811092041073e-07
9.134707783958481454e-07
1.335868857476761878e-08
8.275881408247703443e-08
2.965080144831812048e-07
2.954955763403805720e-07
5.708058202786235917e-07
7.196412764682702803e-08
2.891699965929661824e-07
1.753355378069434232e-05
4.161671300725742037e-06
4.919514662064225540e-06
7.297082713656345588e-09
6.931107132420449483e-09
6.439963377877366373e-09
6.297340383588401860e-09
6.970363649299510198e-09
6.856193365843537775e-09
7.905222130225477339e-09
2.984152728224965697e-08
7.641729188107088559e-08
2.871442239511532366e-07
1.697266209572003086e-08
2.435014972220277775e-07
3.030581666108364662e-07
1.805277531866792763e-07
1.255481500332914605e-07
4.550553480478761145e-07
1.163847403118540287e-07
2.394494038274481642e-07
2.493771298753575586e-07
2.367172830181241581e-07
3.465629728244683424e-07
3.760653704152545589e-07
6.745046664192108164e-08
3.342789189446294520e-07
5.480715445367510138e-07
4.244446281670358374e-08
7.667699361136825245e-07
1.242887937768063445e-07
1.457214987987412348e-07
4.367455421210739018e-07
3.817440350640874143e-07
1.482995850199766645e-07
9.611294220057588488e-06
5.424973542462666862e-06
1.079808630204062267e-08
8.013345017743121892e-08
1.848521384696305859e-08
4.590707415664445570e-08
7.928824102387353335e-08
2.824014883600994928e-08
8.501150637926211417e-08
7.452629296751602760e-08
1.797396020464642626e-07
7.848091528496318748e-08
2.098874788570549274e-07
2.643647862934824801e-07
5.189526124874132216e-07
1.739250524767810493e-07
2.767143659122529483e-08
3.719468925070803972e-07
2.386078654670574362e-07
1.675387201963686464e-07
4.069432965060098146e-07
3.601111616789468187e-07
1.280334651131464080e-07
3.848868807118306720e-07
3.519832452670309198e-07
2.244149979592939598e-07
2.889208793027526914e-07
2.863005891363148471e-07
3.761262466672742469e-07
1.000503739836328084e-05
4.257681407088751597e-07
1.128381229038629554e-07
4.376938536773006714e-07
8.760896458118538570e-08
2.281978862914700190e-07
3.724026307192036953e-07
2.744678975643668196e-07
9.156413849008551709e-08
5.106077262144604843e-07
7.377631687937232751e-08
3.653800279261419587e-07
1.319329579681929607e-07
4.569382709783137220e-07
2.721960661946420159e-07
3.346819842314153572e-06
8.185905842370205386e-09
2.248926337697679911e-08
2.232620331112593442e-08
2.409578118571028211e-08
3.467611595206437019e-08
1.574912513958630725e-07
2.372194861734860764e-07
3.481630635263883165e-07
2.034995319514405132e-07
2.342470442881776756e-07
1.721110423914628595e-07
4.303462435581159537e-07
1.433300366688823029e-07
4.737885673470685201e-07
1.343784161141715586e-07
6.754696349452417541e-07
2.573074522092318164e-08
4.093228433858609935e-07
2.736398733158193278e-07
1.743366516232189030e-07
3.640953744397900375e-06
1.277831894405717972e-07
2.949382045790373634e-08
7.097290641853654141e-08
3.528670201827709286e-08
1.371298505584674002e-07
2.392203979892498964e-08
1.064738030484827542e-07
5.890931147814743007e-07
1.822323323654628208e-07
1.069350238256787454e-07
2.102042854544496361e-07
2.496833029300060814e-07
1.053673422793988303e-05
1.428292967561245887e-06
1.765003011134795903e-08
7.759099506234262231e-09
7.021321263652860661e-08
1.089330308386789555e-07
2.836603095642114481e-07
1.991225582426195783e-07
2.408290607722972166e-07
1.887748999478118939e-07
2.162278414076118961e-07
2.996827039150534571e-07
4.178179366517199567e-07
4.164277587643916722e-08
2.971077089217100078e-07
1.475230654993088637e-06
6.153664366595588427e-06
6.075531709503318962e-09
7.040078230378235083e-09
1.806981492112184972e-08
1.460543124822488041e-08
4.221372746594986530e-08
2.083686017676419055e-08
6.293501554009601588e-08
9.916100219368327930e-09
2.337188269751741900e-07
2.988365230546458355e-07
1.244368328790045141e-07
8.470878982192315509e-08
3.875420102592321838e-07
2.581722717807601573e-07
2.686811633336674848e-07
2.918959761266919630e-07
2.970052997246878038e-07
2.900252840052125903e-07
4.208633818369051931e-07
1.354985881727046468e-07
4.424088859054560200e-07
1.063996586732443421e-07
4.279848113390599102e-07
1.062934900974437836e-07
5.485712044565930785e-07
6.146438472744084552e-08
4.103831820170308692e-07
4.182419559769559060e-07
5.405039677203095721e-08
4.427828231319562667e-07
4.192357221154112369e-07
4.938348657322311718e-08
1.228106856887825156e-05
9.720671893865778589e-09
6.414768204840969082e-09
5.871552210828274742e-09
8.213226279272418708e-09
3.962919991160694498e-08
7.103792524736808407e-09
1.130425198053060271e-08
1.559783063789859866e-07
8.036204527567937271e-08
4.213295200439618908e-07
1.476099320764882938e-07
2.822663026024886903e-07
4.436341792900750898e-07
2.517446695045963788e-08
2.004114329206523518e-07
2.901154099595752260e-07
1.569363004142775142e-07
3.553289094341798830e-07
8.200099134691448125e-08
2.792557006947885618e-07
4.171641317600716889e-07
2.507306456639029216e-07
3.027093055572982955e-07
2.764779744440153666e-07
3.988392117684819042e-07
2.316215121601858262e-07
7.561212816137686508e-06
6.678788307418865784e-07
6.783724396165893346e-08
9.923259628657470111e-08
1.671783054553310819e-08
1.925553340051604556e-07
2.000657247057618584e-08
1.055244130042221533e-08
2.575595434214906700e-08
2.757412307526733391e-07
7.061234227963415706e-08
3.460987719155743744e-07
7.361992048546825935e-08
6.691521522328349618e-08
2.892491772916430837e-07
1.635128673181576820e-07
2.345979044855285662e-07
3.408373003669047351e-07
3.101972575125533617e-07
5.259697668456039388e-07
4.572765182047331152e-08
7.399210947993065273e-07
6.276384038338809652e-07
8.024404177979352199e-06
1.834021582320089491e-07
5.201687683941128990e-07
3.747250117050338184e-08
4.267315766972984429e-07
1.221132936637263490e-08
3.895389599431281089e-07
1.925255434114332801e-07
2.175861676914276717e-07
1.721042978003257861e-07
3.628814969013553453e-07
2.800345923136448471e-07
2.277069225970725951e-07
2.997773192978065312e-07
3.792581625155895099e-08
8.539960081059433030e-07
1.469221887898032694e-08
6.758507444171873169e-08
4.266857755534836120e-07
1.756970814503359762e-08
2.868718305742650398e-07
4.041247100557148966e-07
2.712864498505059136e-07
1.068617632973511222e-05
8.032612257166867041e-08
8.980216703053619553e-09
1.551280615460005884e-08
8.850313207271299826e-08
1.724578332017314160e-08
1.506061315078647466e-07
5.071288888887801225e-08
8.929279054296083806e-09
2.580274438019577487e-08
3.159850163967039488e-07
1.812866711672813094e-08
1.077558405857664858e-07
3.478711983167616908e-07
3.447805076872001930e-07
2.496359811156751967e-07
2.604070965008242257e-08
3.953952561047278452e-07
6.050343301637990155e-08
6.046776849854529027e-07
2.736630360189175131e-08
3.290975667380756190e-07
3.528987288642386564e-07
3.242899903500671937e-07
6.474005980389222084e-07
2.416541340495250214e-07
1.079143250231090808e-07
2.948184086469185921e-07
1.998883420276773502e-07
8.146559563779610840e-06
6.822995318827357114e-07
8.167122410266016407e-08
1.223211578613987627e-08
3.252571375770711387e-07
1.033605662511425116e-07
3.363376851453067280e-07
4.769687699070981150e-07
3.405506177642349905e-08
4.895350932199115268e-08
8.086491895577420166e-06
1.360816237321859729e-08
6.088263624276653449e-09
6.030456749115039246e-09
6.977873397512974642e-09
6.107255776790207193e-09
2.496900745999797325e-08
9.874464436465184034e-09
2.725107909223409162e-08
9.772306978073199235e-08
2.934813575833741999e-07
1.882224317353722777e-07
1.876748096110432022e-07
4.137447576526522221e-07
2.317149983271219405e-08
3.398472032734251810e-07
3.367504445429996464e-07
7.284525525712089840e-07
1.192074710468520968e-07
4.951662338737122351e-08
3.802221141683872828e-07
2.096041706213341992e-07
3.678448422269941678e-07
1.697776450531536560e-07
8.944205696091874033e-07
2.282368632785835845e-08
7.195501528429083236e-08
1.620137384338398861e-07
8.168502261844762963e-07
1.915654027103625244e-08
1.770953957847877141e-07
4.803631307437856329e-07
1.476858513555957920e-07
3.042154694923517529e-07
2.656698734630691388e-07
2.946579865682960229e-07
1.344352202729378287e-05
2.175787437792509222e-08
1.212862903829314505e-08
3.043185011723220139e-08
1.468044809115803416e-07
1.720701734010169331e-08
3.598689412803216254e-08
8.452347416324779963e-06
8.515532970140329213e-07
4.748560510087051233e-09
4.593707608237872603e-09
4.547402410320259534e-09
4.403845717431722700e-09
4.630067104445767219e-09
1.210065305019785801e-08
8.815279186924874692e-08
3.808550908236187996e-07
7.606340152793505215e-09
5.649928179082004589e-07
8.563904938942605357e-09
2.599200974257467067e-07
1.923681511140078927e-07
5.033202986813308089e-07
9.406696683124704594e-08
6.843834492422908716e-07
1.907133009016983343e-07
2.487358059125103994e-08
2.534642961275842987e-07
1.653166190557853698e-07
3.038978361816803614e-07
2.604961440896808557e-07
9.025297209001838007e-07
1.049065396751852051e-07
1.584271119436451005e-08
8.092148251581631907e-08
8.686270180688978707e-07
1.535383685135511522e-08
1.482181765579152317e-07
3.832380091724495049e-06
1.810469602609923713e-08
4.240766777823969872e-08
6.834680085629534412e-08
5.410916409741933481e-08
1.971326861750375933e-08
3.160334381904608993e-07
1.645930279433743181e-08
8.559456528965749136e-08
4.074393763770344426e-07
3.913727803971520861e-08
5.558553107142479692e-07
3.748318501139621449e-08
2.712161490626926896e-07
6.490738640377574620e-07
8.979152603327690899e-08
4.115962945566492572e-07
9.384835263616516778e-08
4.258026246530287895e-07
7.198444573118888739e-08
4.105024799751425207e-07
7.211192716822871472e-07
6.079666812880312389e-08
9.321091953505821638e-08
1.671841977211367694e-05
4.551483372972866249e-06
4.507674513975198121e-08
4.841845805606814395e-06
2.440109555966346581e-08
8.229227993153816818e-09
7.053620375432995141e-09
6.555046930670078538e-09
6.058827171495009700e-09
6.244307950194099674e-09
7.075952919678636541e-09
2.542576215606742434e-08
1.063621008088394659e-07
1.723853868050150726e-07
1.237536683688150306e-07
6.242486161470791751e-07
2.100094123774399496e-08
2.105904696501580743e-07
2.374932426983584675e-07
3.818626505081368489e-07
6.622623163030942092e-08
3.155098367482022397e-07
2.208252823746900908e-07
4.466790043342008334e-07
4.622807429717863015e-08
4.731645368097772352e-07
1.831770557744962492e-08
8.525783271115873210e-07
3.345388985861812526e-08
3.582032184812634657e-08
2.517693584975693723e-07
5.156284492201313204e-07
1.255909855381656930e-07
1.586358580182381079e-07
3.041419303112141808e-07
3.083756963185958429e-07
1.584197717886565339e-06
8.612464017865287713e-06
1.747397194583162347e-08
4.034212149835540170e-08
4.923668157436984563e-08
2.016567147391495754e-07
6.599878275220845343e-08
4.139781328579003588e-08
1.065931575169587205e-07
2.130521288938402877e-07
1.064893602611275030e-07
7.745448700654244905e-08
7.938841032193369251e-08
1.166274617249904094e-07
2.827412929441901451e-07
4.059464289025750731e-08
2.580356447898490392e-07
5.503925831794587992e-07
4.874615487144988427e-08
1.249681224106324708e-07
2.425914803068593629e-07
4.316799619497210037e-07
2.394645160772067075e-07
3.928859545873437169e-07
1.139207635071176912e-07
4.517087054685889235e-07
9.744980967054774095e-08
3.385980519632360195e-07
2.572561943137016959e-07
4.014776500611885660e-07
6.862903020354725984e-08
4.959198058199137486e-07
1.109171151126435980e-05
4.183018448142024787e-07
6.853012532045842064e-07
5.898613646029411142e-09
2.614684024306062170e-08
2.454455400511715751e-07
2.331134602505259872e-07
1.523682572101575141e-07
2.742219683830437787e-07
8.550118153976569786e-08
4.130504223664574805e-07
4.648980013785288881e-08
3.748685969741480388e-07
1.037472074732974526e-07
1.661425951416265552e-05
6.745263979491115465e-09
4.532956015310074195e-09
3.909346275112164451e-09
3.817066957179636749e-09
5.143905888178746366e-09
6.737969721879552504e-09
5.440972713645023600e-08
1.422297549263592848e-08
1.039870936924711626e-07
2.915987016991733309e-07
1.762169726948094468e-08
5.902909138817069989e-08
3.067611243622904205e-07
1.252059780803084006e-07
2.164492078489013609e-07
2.086678184563889234e-07
2.189017210062984881e-07
2.453360326439937013e-07
3.616508865126887112e-07
8.694766521300061694e-08
2.127046701445932541e-07
3.615767893116318764e-07
6.987581381439388104e-07
3.986024146806136885e-08
2.748312502379234366e-08
3.405470620848314600e-07
2.436838850237558131e-07
2.301695745296483443e-07
3.925585538658297809e-07
3.660406444551021412e-07
1.635554962392229199e-07
2.402685242413363754e-07
2.727817873971108124e-07
4.041656193148859161e-07
1.133557368089495994e-07
2.870329903176701680e-07
3.202945928057186499e-07
4.855226323555981835e-07
8.041923912892173033e-08
4.865654288649407925e-07
4.501713422537139605e-07
1.364488858382350207e-08
1.070306779032509544e-07
3.777695859288267407e-07
1.886242888397425558e-07
2.960248713562141083e-06
5.655055313905683091e-08
1.136659518905470304e-05
2.606816481684873716e-07
5.674944768393528189e-09
7.265579494010174558e-09
1.062293976822102242e-07
2.227219301574510221e-07
1.774080531717046989e-07
1.355656116516999526e-07
2.142203342024524573e-07
2.190939389004110079e-07
2.458257925657029251e-07
1.974989880914534029e-07
4.597516329672179375e-07
2.416583210830555564e-08
9.032693818571995585e-07
4.351734537440132704e-08
5.140587219462752760e-08
8.692252139513496685e-08
2.699508386064569301e-07
2.967370726192347274e-07
2.551952369856432044e-07
7.853610061134965742e-08
3.669480375098934656e-07
6.368791691938433832e-08
4.271528551969615144e-07
8.252970802563144006e-08
3.820165978179715837e-07
9.351811166962393100e-08
2.618672635867377367e-07
1.103768331917617306e-05
1.369669658768771906e-07
1.444658312554561343e-08
5.876128011832375539e-08
3.052331924251965495e-08
8.324398447523688343e-08
1.138982815683614357e-08
6.927176910160278885e-08
1.309921641402698723e-07
1.142188242080239154e-08
7.839813192389190662e-08
2.064166565934727453e-07
6.504411752242416764e-09
1.963861963826240179e-07
2.591678324003008567e-08
2.482726169072729237e-07
4.990460723077280794e-07
2.416798665174296845e-07
6.828826335255327577e-07
1.096655800856808031e-08
1.699877614418301397e-08
2.534863532611484972e-07
3.836904751755741995e-07
1.616694214961350783e-07
3.046947596412343968e-07
3.696693544409569217e-07
8.519579295807640294e-08
6.683146244700667824e-07
4.874416291267798242e-08
1.103214321101685929e-05
1.855929105953644014e-07
4.589755555163798393e-07
7.564444863255464558e-09
1.629708694982866513e-07
5.393552986788551084e-07
7.786453805888267098e-09
2.203562330125640557e-07
1.282561519114675366e-07
3.941818088791976939e-07
2.130459801160299026e-08
3.512549137170242488e-07
1.110273626814360821e-07
4.507625746798321517e-07
1.655598213799983236e-08
1.844825026881981360e-06
1.976833540834613569e-07
1.923390543515888015e-08
9.389650295887376517e-09
2.282169651815662604e-08
1.210205910871256841e-07
1.340939576973613378e-07
4.105161778482694581e-07
3.441822404388280780e-08
5.233880137057232567e-07
4.160816608422040428e-08
2.341532762757799394e-07
2.600283890555722558e-07
3.148092966949705603e-07
1.877312250895003311e-07
3.402691408506051692e-07
2.521717299664542029e-07
3.441563492378130466e-07
1.016623806133187060e-07
3.402686938708446705e-07
