1.898906803518533859e-02
1.522574188321828767e-02
1.489065101146697968e-02
1.470473888814449390e-02
1.452486544281244261e-02
1.435235485613346046e-02
1.413461057692766247e-02
1.384243224024772623e-02
1.345565402805805159e-02
1.300926554262638035e-02
1.255914236545562813e-02
1.212518106877803759e-02
1.173279400497674943e-02
1.139307121932506620e-02
1.111022258311510080e-02
1.086951020658016159e-02
1.065631989240646386e-02
1.047020034670829818e-02
1.029458565026521687e-02
1.013663528040051505e-02
9.994596143662930199e-03
9.856424580812454470e-03
9.727540817260741518e-03
9.615790130198002481e-03
9.501327454447745444e-03
9.396182513833046743e-03
9.297273344099521442e-03
9.202238689064980159e-03
9.118946180343628222e-03
9.026529675722122503e-03
8.941126076281070631e-03
8.861922088116407775e-03
8.779952946007252290e-03
8.710114705711603442e-03
8.640863582193850784e-03
8.566644923239946294e-03
8.511006381511688340e-03
8.449218918979168463e-03
8.389491712450980812e-03
8.330856742858886582e-03
8.280048119425773012e-03
8.228752744197844610e-03
8.181945518851280880e-03
8.124312234520912959e-03
8.078651345670222542e-03
8.034192508757113591e-03
7.984533669948577772e-03
7.944068968445062301e-03
7.900620580017567521e-03
7.862415528595447997e-03
7.817950012385844680e-03
7.778971515893936053e-03
7.735873239338397940e-03
7.700051381886005748e-03
7.661927644163370014e-03
7.618965971171855721e-03
7.583528700172901399e-03
7.555770893692970169e-03
7.516312569975852793e-03
7.486004076004028687e-03
7.453885662108659937e-03
7.419660426378250212e-03
7.386222563982009978e-03
7.352514914721250232e-03
7.326760124266147589e-03
7.292597908973693678e-03
7.264946445226669325e-03
7.245652449280023770e-03
7.201408395767211826e-03
7.177708113640547151e-03
7.155599537342786920e-03
7.126788102090358956e-03
7.093638709783554180e-03
7.063890978991985321e-03
7.042615324258804169e-03
7.014841583967208749e-03
6.989815789610147150e-03
6.967027728855610183e-03
6.934045202136039469e-03
6.914171419292688449e-03
6.897357709407806597e-03
6.865885663777589708e-03
6.838406517803668865e-03
6.822828020751476458e-03
6.797264331281185554e-03
6.769247439354658495e-03
6.756803939938544994e-03
6.735498756766319234e-03
6.710830142498016085e-03
6.687183062955737167e-03
6.663475048094987495e-03
6.650814578235149550e-03
6.629949185252189889e-03
6.610568172931671413e-03
6.585257869064807708e-03
6.555500559210777206e-03
6.549724702239036710e-03
6.524160447865724743e-03
6.508826859891414691e-03
6.487805799245834580e-03
6.462232722043991483e-03
6.438434935212134988e-03
6.435370894968510044e-03
6.407506605386734111e-03
6.382479801476001816e-03
6.363909581601619354e-03
6.341225545108318540e-03
6.328457233458757540e-03
6.310331611037254401e-03
6.297644712179899067e-03
6.276844286620617171e-03
6.256260140240192322e-03
6.246105146259069152e-03
6.226293796002865116e-03
6.203153682053088799e-03
6.191236588656902004e-03
6.172700915932654957e-03
6.147924116998910483e-03
6.139549027979374247e-03
6.129594231843948048e-03
6.111516176462173863e-03
6.097795456945896524e-03
6.076385286301374221e-03
6.072444134354591447e-03
6.048668168336153277e-03
6.034568863660097135e-03
6.020226577520370118e-03
6.012115586698054889e-03
5.988836003690958115e-03
5.985578543543815938e-03
5.963381123095750844e-03
5.953478881567716291e-03
5.935927132517099421e-03
5.921211538016796054e-03
5.908411439657211377e-03
5.895491263866424470e-03
5.888102543801069372e-03
5.877612425982951978e-03
5.858377405405044286e-03
5.859882131218910155e-03
5.838267700374126165e-03
5.823532043397426465e-03
5.813447830975055491e-03
5.794498783797025904e-03
5.785572719573974301e-03
5.778638370484113877e-03
5.776104462444781908e-03
5.747820331752299949e-03
5.745514090657234500e-03
5.726677446663379356e-03
5.715039086490869905e-03
5.703497123420238520e-03
5.688663878142833676e-03
5.679630566090345355e-03
5.665914563387632746e-03
5.661001495420933151e-03
5.654711697623133505e-03
5.644923624992370832e-03
5.631803734898566810e-03
5.616620777547359084e-03
5.606521258652210488e-03
5.598089638352394051e-03
5.590097511708736616e-03
5.584650533795356905e-03
5.572649165987968861e-03
5.566007560193538678e-03
5.552531997561454755e-03
5.543026862516999172e-03
5.539042211920023294e-03
5.520211175084114436e-03
5.520938586592674148e-03
5.501653048992157131e-03
5.489490464031696396e-03
5.483152952194213919e-03
5.480615526139736259e-03
5.470542924255132611e-03
5.464428462386131460e-03
5.446316038221121238e-03
5.448611153513193382e-03
5.436762563586235338e-03
5.433983356356621164e-03
5.420651033818721549e-03
5.413877321630716083e-03
5.400366696640849368e-03
5.398228125870228010e-03
5.382283446490764359e-03
5.380771450698375660e-03
5.368906129002571324e-03
5.365143959224223658e-03
5.356263662278652055e-03
5.341749566495418954e-03
5.337827423214912617e-03
5.329755166172981014e-03
5.323178448975085866e-03
5.313746051490307078e-03
5.311147525012493119e-03
5.300732583105564541e-03
5.292551735937595092e-03
5.283602001965046271e-03
5.280066563189030060e-03
5.263462704867124739e-03
5.266483742594718978e-03
5.252580246329307395e-03
5.263024857342243033e-03
5.246215170323849028e-03
5.234589565992354976e-03
5.233530026227235787e-03
5.224989996105432709e-03
5.218340942263603212e-03
5.210081274509430031e-03
5.208578331321478232e-03
5.190183441489935011e-03
5.198477334380150264e-03
5.196268645077943733e-03
5.180846327394247365e-03
5.174903497695922464e-03
5.164583297967911130e-03
5.157274468690156884e-03
5.155141940712928798e-03
5.150272976011037625e-03
5.145993857234716119e-03
5.139671731740236282e-03
5.134970129132270834e-03
5.123752459436655034e-03
5.121440252363681708e-03
5.107061863839626112e-03
5.111078070104121962e-03
5.099640776962041482e-03
5.088625982925296110e-03
5.083778162002563876e-03
5.081160917133092925e-03
5.084473184794187708e-03
5.078223164379596505e-03
5.074211366176605009e-03
5.067464592903852573e-03
5.056814093440771367e-03
5.060460656732320567e-03
5.044806322827935161e-03
5.054120892286300890e-03
5.041112489104271344e-03
5.032841980755329084e-03
5.035862462371587522e-03
5.026872904449701703e-03
5.018894993960857503e-03
5.022128046751022160e-03
5.005719185471534452e-03
4.993456513285636500e-03
4.998801165521145166e-03
4.994991173893213038e-03
4.990421480238437651e-03
4.985765202268958168e-03
4.977632890790700815e-03
4.976982570886611876e-03
4.972228564620017818e-03
4.972303336560726303e-03
4.961176792383194083e-03
4.961453939601779412e-03
4.950146006494760345e-03
4.946997694969177545e-03
4.947782366871833655e-03
4.943938134014606856e-03
4.936665689647197659e-03
4.928505837917328096e-03
4.920236363857984248e-03
4.936295467019080792e-03
4.916220042556524068e-03
4.903107989579439524e-03
4.905341823846102144e-03
4.893274129629135091e-03
4.896165054440498182e-03
4.895513192564249043e-03
4.891353212893008971e-03
4.884759324789047022e-03
4.878804962784051742e-03
4.873171432018280451e-03
4.867346212118863966e-03
4.857523519694805295e-03
4.860824699699878466e-03
4.853438015133142852e-03
4.849176758900284809e-03
4.840709857940673697e-03
4.842408060431480435e-03
4.840942051410675184e-03
4.833266405165195789e-03
4.832527987807988708e-03
4.829281092882156332e-03
4.821926845908165379e-03
4.815350267738103748e-03
4.807422407567501013e-03
4.805148106664419022e-03
4.797352371811866405e-03
4.806097981259227145e-03
4.804145684689283685e-03
4.794226739108562070e-03
4.798352691978216567e-03
4.789248654246330145e-03
4.787108339667320300e-03
4.775870668739080373e-03
4.778101583272218594e-03
4.776743603348732048e-03
4.785681755989789829e-03
4.761531507521867684e-03
4.758268538117408665e-03
4.759564873278140755e-03
4.753583670854568538e-03
4.742735013514757549e-03
4.750245434939861199e-03
4.752789924219250929e-03
4.741861985027790230e-03
4.734895690083503611e-03
4.741750611066818111e-03
4.727262933850288201e-03
4.732259379178285937e-03
4.727277398407459148e-03
4.721026519984006936e-03
4.726239741891622922e-03
4.720255643874406506e-03
4.710496834218502217e-03
4.711745436191559257e-03
4.701412726491690022e-03
4.708095023036003475e-03
4.694583313465118014e-03
4.692047061324119799e-03
4.690191593095660062e-03
4.685794659852981353e-03
4.690779700949787752e-03
4.689567893818020854e-03
4.681264148652553893e-03
4.681794756203889844e-03
4.675364686101675035e-03
4.673042857050896046e-03
4.674179850220679978e-03
4.665321462750435244e-03
4.668488615453243208e-03
4.660530267655849275e-03
4.661896991729736102e-03
4.646290148496628157e-03
4.648749886155128207e-03
4.651269327849149281e-03
4.639674782156944129e-03
4.644455788731575302e-03
4.640153973400592928e-03
4.635400805175304492e-03
4.632308968156576522e-03
4.620873872935771579e-03
4.622861566990613992e-03
4.623028625398874561e-03
4.620685825943947160e-03
4.615114854723214970e-03
4.614874461814761492e-03
4.624167562127113294e-03
4.605759825259446785e-03
4.604866035059094510e-03
4.601894899234175440e-03
4.607349125146866127e-03
4.598950243294239008e-03
4.597663739249109940e-03
4.598216523379087053e-03
4.588930712044239288e-03
4.590672788918018221e-03
4.592411251962184859e-03
4.585839289650320630e-03
4.590125855058431632e-03
4.574603198096155801e-03
4.581309640556573484e-03
4.572458223700523114e-03
4.565012512207031366e-03
4.562511410862207101e-03
4.573139844983815927e-03
4.564389246702194557e-03
4.563716148436069639e-03
4.554606680870055754e-03
4.559026950001716927e-03
4.550754561722278671e-03
4.556597775667905678e-03
4.559380144327878671e-03
4.545129927694797900e-03
4.546094831675290791e-03
4.541085504293441467e-03
4.539085472971201261e-03
4.534594569802284647e-03
4.531157486140727567e-03
4.529570004194975220e-03
4.533707093521952870e-03
4.525700735747813924e-03
4.524195353612303454e-03
4.520743995308875926e-03
4.528498848453164222e-03
4.514209678918123039e-03
4.520880744755268431e-03
4.513017758578061721e-03
4.513141311854124149e-03
4.510970865786075208e-03
4.507748542129993465e-03
4.504388778656721361e-03
4.505844356268644095e-03
4.499188134670257903e-03
4.494190940409898728e-03
4.498216391056775697e-03
4.494696091115474822e-03
4.486893951520323949e-03
4.482515549659728607e-03
4.477747693136334591e-03
4.474096895232797071e-03
4.483719650134444269e-03
4.477803388535976647e-03
4.466550010889768808e-03
4.477609993815421900e-03
4.472215062975883060e-03
4.463795933872461569e-03
4.460662504136562144e-03
4.457543202266096675e-03
4.459978360980749491e-03
4.458162984102964806e-03
4.441922583729028713e-03
4.452423864528536925e-03
4.444343841150402707e-03
4.444614400863647341e-03
4.442573232054710525e-03
4.442727871537208335e-03
4.442802427262067776e-03
4.436555988937616705e-03
4.429847830235957885e-03
4.432759130895138136e-03
4.429446202367543807e-03
4.430845487713813875e-03
4.417999221161007621e-03
4.428402118831872847e-03
4.416941497325897227e-03
4.415586649328470323e-03
4.415877228826284653e-03
4.411138044148683185e-03
4.409370427429675984e-03
4.406236703842878084e-03
4.400898086726665222e-03
4.406939618289470312e-03
4.408460440635681050e-03
4.401849712133408012e-03
4.394337778240442471e-03
4.392048766762018421e-03
4.395579479634761748e-03
4.389933006763458226e-03
4.388545429557562036e-03
4.386527512148023084e-03
4.387053329944610829e-03
4.383123616427182789e-03
4.373696972429752007e-03
4.380831911191344560e-03
4.380025582462549610e-03
4.370605936348438518e-03
4.368901687934995115e-03
4.365676060467958523e-03
4.371101033538579532e-03
4.370170683190226224e-03
4.362662415355444273e-03
4.363067110553384143e-03
4.356266231387853453e-03
4.359567853808403275e-03
4.351661668568849312e-03
4.352865762561559937e-03
4.352813996672630359e-03
4.359935948625206711e-03
4.352919751256704647e-03
4.340869851410389044e-03
4.339054225534200865e-03
4.338707064688205987e-03
4.344773546382785061e-03
4.346770156025886456e-03
4.331600122600793787e-03
4.333047041594982260e-03
4.335232644081115326e-03
4.337422011643648351e-03
4.331970301121473334e-03
4.337137150019407077e-03
4.316929251849651109e-03
4.325036932528019198e-03
4.322268399819731780e-03
4.320791119933128574e-03
4.313457609713077477e-03
4.317083847075700587e-03
4.311155808866024182e-03
4.316486044675112155e-03
4.313552080541849243e-03
4.302532693743706116e-03
4.309359851777553457e-03
4.308043278381228774e-03
4.296138135045766797e-03
4.302818246036768136e-03
4.293391128927469096e-03
4.297686873450875210e-03
4.292340157628059434e-03
4.293605060875415637e-03
4.286373173892498063e-03
4.289721259027719225e-03
4.293111477643251836e-03
4.293162966221571175e-03
4.281217720210552143e-03
4.281383570283651616e-03
4.281907504796981720e-03
4.278410829454660190e-03
4.274238712415098784e-03
4.277720445096493129e-03
4.269078445211052855e-03
4.275490299463271734e-03
4.267040488123893457e-03
4.269820616543292674e-03
4.268284364789724263e-03
4.263578744381666188e-03
4.265380518287419966e-03
4.253778705149888727e-03
4.255891932398080980e-03
4.260237264558672764e-03
4.253189275860786572e-03
4.248212638497352554e-03
4.259280657768249427e-03
4.248594501316547804e-03
4.256526564061642072e-03
4.252164115756749789e-03
4.246307764723896566e-03
4.232362743541598013e-03
4.237058579325676116e-03
4.246059380546212542e-03
4.234676295071839944e-03
4.225958162695169114e-03
4.234775686264038302e-03
4.238123209625482661e-03
4.242879426032304668e-03
4.225932150408625611e-03
4.228369103968143174e-03
4.217675235047936566e-03
4.226112378686666844e-03
4.228358837217092298e-03
4.216320737302303376e-03
4.222475935369730295e-03
4.217477947920560480e-03
4.213359455466270456e-03
4.219367233961820313e-03
4.217985292673111057e-03
4.215155521184205979e-03
4.210627432689070977e-03
4.211952368915081353e-03
4.209614717662334485e-03
4.206448835730552255e-03
4.205531323850155226e-03
4.196978734955191838e-03
4.207503097951412196e-03
4.197867397218942725e-03
4.194159231334924562e-03
4.189492217153310480e-03
4.196094528436660788e-03
4.190862268358469186e-03
4.194188251793384489e-03
4.192400941103696481e-03
4.186507484316826129e-03
4.192941963672637724e-03
4.187175761014223438e-03
4.193161522522568553e-03
4.177077335789800006e-03
4.181532846242189128e-03
4.179159607887268299e-03
4.177869766950607043e-03
4.182653978765010598e-03
4.180572002828121005e-03
4.181755327135324579e-03
4.174359021559357480e-03
4.172525356411933666e-03
4.174851063564419609e-03
4.172545127719641013e-03
4.162611628472805136e-03
4.165185755938291198e-03
4.170184124708175601e-03
4.162358947694301189e-03
4.155279500931501578e-03
4.151024037301540015e-03
4.170439310073852622e-03
4.159998890385032018e-03
4.147646352946758250e-03
4.156541015058756033e-03
4.148830025717616457e-03
4.159499326944351462e-03
4.153676203191280017e-03
4.144321518391370918e-03
4.154924508631229092e-03
4.144407205134629894e-03
4.139631671309471073e-03
4.138107898235321436e-03
4.145581339299678376e-03
4.129638074040413269e-03
4.134823351949453232e-03
4.138520855754613571e-03
4.140774638652801494e-03
4.135073529109359151e-03
4.128903425335884309e-03
4.134972869679331801e-03
4.132666409611702313e-03
4.129092911034822240e-03
4.126617901325226219e-03
4.121565801501273982e-03
4.132475263252854449e-03
4.125925451666116739e-03
4.131167483180761719e-03
4.121164172142743713e-03
4.116480984091759089e-03
4.114914659112692275e-03
4.115452003329992010e-03
4.118688582926988487e-03
4.124846577644347874e-03
4.108667520433663921e-03
4.107759872078895966e-03
4.111894709020852932e-03
4.102581249922514217e-03
4.103190642148256059e-03
4.102485682666301425e-03
4.110405965447426133e-03
4.116876041293144467e-03
4.105931405276060271e-03
4.103105090111493908e-03
4.108050441741943615e-03
4.100557943284511599e-03
4.093796768039464733e-03
4.091003761738538740e-03
4.096153306663036058e-03
4.095446604192256972e-03
4.096674569547176584e-03
4.093120765089988330e-03
4.091074909567832610e-03
4.095014946907758920e-03
4.093668002635240943e-03
4.083856585845350821e-03
4.091481254398822431e-03
4.084009042233228623e-03
4.091507726982235998e-03
4.087846789509057971e-03
4.076822267994284661e-03
4.077190187424421103e-03
4.088544205427169578e-03
4.081474460065365011e-03
4.074332420229911586e-03
4.073726489096879920e-03
4.077534315511584587e-03
4.074304439872502952e-03
4.072676903158426419e-03
4.073124009370803628e-03
4.073500187098980270e-03
4.069288209676742880e-03
4.070984367653727488e-03
4.069589004814624586e-03
4.063164264261722933e-03
4.062333108335733182e-03
4.077443662658333627e-03
4.068972506597638532e-03
4.066059352084994312e-03
4.065705646723509134e-03
4.060052392333745978e-03
4.062160022556781519e-03
4.059996491223573714e-03
4.064864668548107129e-03
4.045308804661035783e-03
4.059976927191019137e-03
4.047160785198211305e-03
4.049389360249042863e-03
4.051290494650602522e-03
4.050304911583662085e-03
4.048904350847005833e-03
4.042488545551896524e-03
4.049110768437385634e-03
4.046025608852505707e-03
4.043937128335237455e-03
4.051285602450370796e-03
4.043967387974261966e-03
4.046669450253248014e-03
4.044938837885856710e-03
4.044754557907581476e-03
4.035470429211854629e-03
4.034027881026268358e-03
4.040228387713432415e-03
4.048584247678518357e-03
4.035938395857811140e-03
4.040385017022490692e-03
4.024644857048988167e-03
4.033139127790927835e-03
4.035790882557630313e-03
4.034078154861927071e-03
4.026847877129912170e-03
4.036259758025407575e-03
4.037115235850215200e-03
4.023419238030910387e-03
4.033999851346016172e-03
4.027360828444361517e-03
4.022575582861900693e-03
4.021811276301741171e-03
4.021160307005047438e-03
4.025476195216179214e-03
4.024241652414202973e-03
4.025346012115478718e-03
4.017263752147555260e-03
4.024206806123256479e-03
4.016960925012826727e-03
4.015235928446054224e-03
4.016374929994345061e-03
4.024605559706687791e-03
4.018295278102159210e-03
4.006549410596489842e-03
4.013789727240800811e-03
4.007917907983064333e-03
4.001254252791405092e-03
4.007760369777679799e-03
4.016092748939991373e-03
4.008692423328756929e-03
4.010794372111559265e-03
4.009648631513118913e-03
3.998920740634202831e-03
4.002582117691636139e-03
4.006300466209649844e-03
4.001402966827154184e-03
3.997687736153602255e-03
4.005954356640577252e-03
4.003843048810958732e-03
3.989447988271712861e-03
3.992326130643487382e-03
4.001290603727102393e-03
3.999644624292850170e-03
3.993855283930898038e-03
3.997633229121565906e-03
3.998781269788742425e-03
3.988761781975627002e-03
3.997716220840811900e-03
3.986880303025245459e-03
3.984952270835637710e-03
3.987234814763068735e-03
3.982874584197998100e-03
3.993908126652240785e-03
3.987151589989662570e-03
3.989610548466444341e-03
3.981960359811782466e-03
3.983516862168907761e-03
3.983219078555703258e-03
3.985839985311031251e-03
3.980109716802835741e-03
3.977893651500344699e-03
3.975767976939678303e-03
3.975998267084360389e-03
3.968679914921522354e-03
3.979506587982177546e-03
3.970346301198005370e-03
3.979358970820903382e-03
3.973847156167030666e-03
3.971851503923535046e-03
3.966021385490894544e-03
3.974550458267331506e-03
3.971132186651229676e-03
3.972027515470981374e-03
3.969908278584480428e-03
3.964048551246523652e-03
3.958296778947115180e-03
3.964881168454885418e-03
3.961063982248306040e-03
3.963009200096130613e-03
3.956557841897010742e-03
3.964767386615276369e-03
3.955241299569606933e-03
3.956576915085315525e-03
3.959278781414031674e-03
3.964081795960664942e-03
3.969238711893558792e-03
3.949189483523368564e-03
3.956747200340032800e-03
3.964725415110587937e-03
3.954255510419607024e-03
3.949491667598486327e-03
3.953837939947843494e-03
3.946486899554729234e-03
3.937286887168884274e-03
3.948831155747175442e-03
3.946959364563226713e-03
3.944503808021545752e-03
3.948714950531720912e-03
3.940166410505771891e-03
3.938460907936096496e-03
3.941969766169786497e-03
3.935568347424268573e-03
3.930932654738426499e-03
3.941650426238774846e-03
3.938095158785581869e-03
3.936563710719346784e-03
3.940792098343372761e-03
3.933800424039363836e-03
3.926593348830938017e-03
3.933838245421647679e-03
3.926108803525567466e-03
3.935260087624192077e-03
3.933246666193008362e-03
3.922929499447345807e-03
3.925977675914764028e-03
3.927277694791555737e-03
3.919440079033375060e-03
3.934344640821218347e-03
3.927338935583829863e-03
3.928814269453287031e-03
3.923278663009404851e-03
3.918107644766568795e-03
3.915430459678173256e-03
3.920839519500732111e-03
3.926677594780921508e-03
3.910654600858688712e-03
3.916383897215127557e-03
3.913064369857311396e-03
3.914910939708351675e-03
3.914629801511764276e-03
3.914836032018065813e-03
3.916154489889740568e-03
3.904271284490823651e-03
3.917423760145902559e-03
3.912126765251159460e-03
3.910874704271555084e-03
3.906732069626450872e-03
3.908025349080562934e-03
3.906706833243370376e-03
3.899265745207667559e-03
3.907605854868888978e-03
3.907784085869788794e-03
3.900476683527231286e-03
3.902007070556282910e-03
3.909825447499752117e-03
3.903712520748376866e-03
3.898078670054674205e-03
3.894696826264262314e-03
3.906001894176006333e-03
3.893267274796962697e-03
3.904353384077549009e-03
3.894510875344276563e-03
3.897347017526626642e-03
3.896420556977391123e-03
3.892978562265634723e-03
3.898869934380054351e-03
3.897159385681152246e-03
3.891733099371194951e-03
3.897216496914625121e-03
3.889777598381042277e-03
3.896535328179597663e-03
3.887546216398477666e-03
3.886654713898897266e-03
3.893258537128567887e-03
3.888373905867338262e-03
3.886412203609943255e-03
3.886736995652317981e-03
3.890666534081101482e-03
3.882008697092533163e-03
3.884660868346691276e-03
3.886257040798664093e-03
3.886831226646900346e-03
3.874404402375221379e-03
3.888092324584722492e-03
3.882774823307991088e-03
3.874699029177427079e-03
3.874787280410528327e-03
3.874332566857337842e-03
3.886672437414526778e-03
3.877270633280277112e-03
3.873011288195848251e-03
3.876832306832075133e-03
3.880014013946056321e-03
3.873187921345233771e-03
3.880383878946304464e-03
3.874406668394803858e-03
3.878001631498336974e-03
3.870237495005130965e-03
3.878844753801822826e-03
3.867163962721824853e-03
3.868210252523422276e-03
3.879242438673973208e-03
3.856015037298202684e-03
3.876632688045501731e-03
3.873261550366878612e-03
3.861980470120906714e-03
3.862187370359897697e-03
3.870147762745618832e-03
3.860997155010700149e-03
3.861838232725858799e-03
3.855521234050392990e-03
3.867589293569326236e-03
3.866421372294425850e-03
3.864396413564682043e-03
3.857298762947321095e-03
3.862780404239892981e-03
3.854113398492336074e-03
3.855642412602901335e-03
3.854825497418641958e-03
3.861601928547024522e-03
3.853167340457439374e-03
3.855762757286429303e-03
3.849266920611262195e-03
3.851155742406844971e-03
3.855926878750324215e-03
3.856886430755257760e-03
3.852580405175685951e-03
3.852565178871154936e-03
3.850901418328285097e-03
3.854569600522517962e-03
3.852416149526834491e-03
3.848488289117813193e-03
3.851037064492702274e-03
3.847468069940805473e-03
3.846150540336966579e-03
3.842068764418363376e-03
3.849996448531746961e-03
3.845439475029706951e-03
3.844279727265238842e-03
3.840641298294067505e-03
3.841605679243803237e-03
3.849495237469673353e-03
3.838152423053979925e-03
3.844760771095752806e-03
3.836898375898599618e-03
3.836366021484136427e-03
3.832671249359846308e-03
3.837588097304105595e-03
3.835233850777149209e-03
3.837684237062930978e-03
3.834390626624226486e-03
3.831697749048471480e-03
3.832906534969806808e-03
3.835025509893894187e-03
3.831520825475454202e-03
3.830532984733581343e-03
3.828522960692643928e-03
3.832731537371873807e-03
3.837133806049823626e-03
3.833901893198490233e-03
3.830454595983028617e-03
3.832629914581775488e-03
3.828695747107267559e-03
3.824596011936664749e-03
3.826972796767949894e-03
3.828891278579831144e-03
3.833815146237611830e-03
3.827424489334225761e-03
3.816944843530655114e-03
3.828309951722621944e-03
3.822069084793329029e-03
3.818392257392406314e-03
3.821953397393226728e-03
3.818197611570358328e-03
3.818641315177083006e-03
3.822131309658288907e-03
3.816428328305482807e-03
3.818947766721248610e-03
3.807188354805111918e-03
3.820096426904201481e-03
3.816759135425090710e-03
3.817742024809122042e-03
3.811601764261722449e-03
3.814045609086751804e-03
3.810664034783840370e-03
3.805347923189401817e-03
3.812205350324511521e-03
3.807529845535755162e-03
3.804691365063190417e-03
3.811961488127708388e-03
3.805768621861934514e-03
3.798929464668035320e-03
3.812400451302528411e-03
3.794129948318004670e-03
3.800719227492809459e-03
3.805720513537526155e-03
3.806481782495975581e-03
3.806470927000045901e-03
3.815624693632125794e-03
3.792173688113689538e-03
3.803574495464563578e-03
3.801010583341121567e-03
3.794012178629636942e-03
3.804793593809008799e-03
3.795279684886336373e-03
3.801188073903322313e-03
3.804206309616565539e-03
3.789559804052114456e-03
3.798885297477245203e-03
3.791916917264461645e-03
3.788105892390012525e-03
3.793363322615623569e-03
3.787276395335793626e-03
3.797192734777927320e-03
3.794312461987137987e-03
3.792329601570963715e-03
3.788395968377590312e-03
3.783109973073005630e-03
3.777243618518113903e-03
3.790734491944313007e-03
3.781226307153701723e-03
3.787189170569181442e-03
3.789576598778366962e-03
3.783903981745243179e-03
3.785475690774619748e-03
3.784135284125805018e-03
3.788983670622110469e-03
3.780037570670247149e-03
3.785466587245464413e-03
3.783912384659051959e-03
3.780389357358217121e-03
3.782589208185672958e-03
3.786163194924592901e-03
3.779867510050535350e-03
3.779565060883760628e-03
3.778158466294407811e-03
3.773894851803779715e-03
3.771451834738254530e-03
3.782145111039280846e-03
3.772301648855209185e-03
3.776969186514616064e-03
3.771469869464635655e-03
3.769989469349384510e-03
3.773250388056039687e-03
3.779215394705534147e-03
3.768977130576968253e-03
3.773045238703489311e-03
3.775768842995166821e-03
3.762731039300561131e-03
3.762966936305165312e-03
3.765965335145592726e-03
3.772765649110079028e-03
3.760215356722473954e-03
3.766993113756179987e-03
3.771742689162492935e-03
3.762550294995308051e-03
3.763851353824138740e-03
3.769901445060968529e-03
3.757205157279968136e-03
3.764524368345737587e-03
3.762727455645799735e-03
3.766190951392054537e-03
3.767790541127323967e-03
3.758173304200172499e-03
3.760916902646422449e-03
3.759061432257294801e-03
3.761417789310216985e-03
3.762918570339679643e-03
3.758126031011342887e-03
3.760868140980601435e-03
3.758427012637257508e-03
3.760990356653928692e-03
3.752771408408880297e-03
3.752772684991359780e-03
3.754600823372602602e-03
3.747665749415755431e-03
3.752410941272973921e-03
3.757448136061429956e-03
3.754180138260126195e-03
3.757637065052986305e-03
3.751006731986999531e-03
3.752157668620347778e-03
3.745839442610740533e-03
3.747898583635687897e-03
3.750515323877334512e-03
3.742056254446506514e-03
3.755220465064048555e-03
3.746485910415649472e-03
3.742998985201120322e-03
3.753138446062803061e-03
3.750179970562457846e-03
3.750564576536417200e-03
3.750198597908020130e-03
3.741060238406062298e-03
3.745869651362299796e-03
3.744773374870419714e-03
3.745533545911311924e-03
3.740776501595973868e-03
3.740464252308011057e-03
3.737292575985193266e-03
3.749626441150903829e-03
3.738200937658548145e-03
3.745830476284027315e-03
3.735961026921868263e-03
3.741865639239549783e-03
3.735952743738889768e-03
3.741153770536184437e-03
3.736246121749282022e-03
3.741431783139705786e-03
3.732295130193233421e-03
3.734704287201166210e-03
3.738197212517261562e-03
3.735688775032758920e-03
3.737203445360064505e-03
3.732027004659175997e-03
3.736486021727323734e-03
3.726457203775644222e-03
3.732476800233125620e-03
3.727356818467378752e-03
3.725346298068761986e-03
3.727440592646598730e-03
3.734880205839872375e-03
3.727601748779416167e-03
3.730847201347350928e-03
3.729221407175064076e-03
3.728445217385888306e-03
3.726852623224258341e-03
3.728544955104589470e-03
3.725394242182373909e-03
3.722970368117094024e-03
3.728734864816069493e-03
3.719864919036626992e-03
3.725541879832744603e-03
3.722820043042302310e-03
3.720395869612693959e-03
3.728230877965688778e-03
3.725319827646017198e-03
3.722261046804487515e-03
3.718150271624326691e-03
3.721020519435405943e-03
3.720556163936853539e-03
3.715762898474931665e-03
3.723767149895429625e-03
3.720385308712720850e-03
3.718742287606000788e-03
3.722858194112777831e-03
3.719777957499027180e-03
3.717806407809257432e-03
3.715281721353530693e-03
3.709313360303640329e-03
3.711373866945504984e-03
3.712156997919082747e-03
3.725744018852710643e-03
3.706659864187240600e-03
3.720732104107737654e-03
3.705348956882953751e-03
3.706738976240157944e-03
3.715476622581482136e-03
3.710910641700029475e-03
3.709545086398720933e-03
3.713785992711782398e-03
3.706009586006402817e-03
3.703543047606944975e-03
3.718431732952594791e-03
3.703618039041757775e-03
3.709374030530452823e-03
3.705096875876188155e-03
3.709292365759611285e-03
3.701241459175944309e-03
3.697804118543863375e-03
3.712647593915462292e-03
3.709480664730072010e-03
3.705222521498799208e-03
3.701980848498642555e-03
3.716557622551918110e-03
3.700683608949184231e-03
3.706465286612510568e-03
3.695834190994501302e-03
3.699544252380728652e-03
3.703894200101494946e-03
3.699368947967887102e-03
3.705183207392692777e-03
3.695299024134874200e-03
3.707018204331398014e-03
3.704452245980501164e-03
3.696938134655356617e-03
3.693275909870862884e-03
3.706305732429027600e-03
3.693436501026153753e-03
3.704680623859167143e-03
3.695949549749493780e-03
3.691646714806556644e-03
3.698984244763851327e-03
3.702761427685618417e-03
3.697330086976289860e-03
3.698408255577087522e-03
3.693268548697233034e-03
3.696158785000443290e-03
3.691555813699960720e-03
3.683123057037592050e-03
3.697528916746377868e-03
3.695468529313802788e-03
3.694454205036163189e-03
3.691357809752225921e-03
3.687468223720789025e-03
3.694380622655153278e-03
3.689329930618405126e-03
3.695867006182670510e-03
3.682418764233588975e-03
3.691677036881446661e-03
3.686227564513683448e-03
3.690544748082756794e-03
3.681400815248489413e-03
3.695404099971055963e-03
3.690667668879031929e-03
3.682012685537338400e-03
3.687118819802999437e-03
3.685758875161409404e-03
3.687989520877599757e-03
3.688869677558541393e-03
3.692524371743202173e-03
3.684231830760836476e-03
3.683818722143769424e-03
3.680321008488535682e-03
3.684819339364766959e-03
3.688985498845577353e-03
3.682478492408991066e-03
3.680057456493377854e-03
3.679930810630321642e-03
3.678880099356174587e-03
3.682029385268688337e-03
3.679268610924482305e-03
3.684453392177820027e-03
3.681218885630369378e-03
3.679140543118119069e-03
3.679270926415920216e-03
3.671653604954481023e-03
3.680484910607338157e-03
3.681483717784285719e-03
3.674664694964885781e-03
3.678578762412071032e-03
3.673393069729209010e-03
3.679678978025913323e-03
3.678971040248870707e-03
3.674331186786294196e-03
3.672912699282169461e-03
3.680679201930761243e-03
3.681063302606344106e-03
3.673107153326272793e-03
3.671296572834253230e-03
3.672498842403292690e-03
3.668567887172102891e-03
3.679369985833764057e-03
3.672235406115651347e-03
3.673279274404048743e-03
3.672603212669491805e-03
3.670669484287500395e-03
3.677273497655987600e-03
3.669705069065094024e-03
3.670225317627191525e-03
3.669971798658370945e-03
3.658119578659534393e-03
3.669639337062835689e-03
3.663340885937213954e-03
3.673156710714101623e-03
3.671807586103677766e-03
3.663630997240543367e-03
3.665105332434177507e-03
3.659243258982896718e-03
3.664223512411117750e-03
3.672314453423023393e-03
3.661659100949764441e-03
3.663038897961377969e-03
3.661876045987009880e-03
3.662828109860420157e-03
3.662394003570079801e-03
3.661198334842920375e-03
3.660427370071410967e-03
3.661388977840542708e-03
3.659623389616608810e-03
3.668433804437517924e-03
3.654444769918918732e-03
3.660859168767929134e-03
3.658593501746654555e-03
3.669656225368380514e-03
3.654529761373996946e-03
3.659109917879104553e-03
3.658176255226135327e-03
3.662795235216617391e-03
3.660006237030029221e-03
3.658469840288162099e-03
3.654405441507697049e-03
3.661243510767817587e-03
3.657043548524379576e-03
3.662153655141592041e-03
3.664207359626889086e-03
3.652543059587478463e-03
3.657243389934301554e-03
3.659073416739702309e-03
3.651378201097249792e-03
3.647188160568475609e-03
3.657320186272263601e-03
3.651933682411909101e-03
3.661243199557065973e-03
3.651963158696890088e-03
3.655217666178941539e-03
3.648649418056011152e-03
3.643456693664193138e-03
3.649458180963992878e-03
3.650511812493205041e-03
3.659206071346998105e-03
3.653647125661373118e-03
3.652530538588762317e-03
3.644103605300188110e-03
3.653256480768322847e-03
3.651210533902049093e-03
3.644059168994426799e-03
3.648825376331806068e-03
3.651726843416690758e-03
3.647162270098924797e-03
3.651114095896482604e-03
3.641170484349131545e-03
3.645061023682355777e-03
3.643539870977401639e-03
3.646275348588824076e-03
3.650505609214305808e-03
3.646420358791947151e-03
3.647006412968039485e-03
3.644519113153219143e-03
3.640838381797075266e-03
3.636094812899828051e-03
3.639665761142969226e-03
3.644808064475655533e-03
3.637334917187690694e-03
3.643805136978626319e-03
3.637395524904131743e-03
3.637513617426156847e-03
3.638008702024817485e-03
3.643289368003606830e-03
3.642167770862579472e-03
3.635819001421332439e-03
3.639590954333543887e-03
3.637119589447975095e-03
3.639604958370327818e-03
3.640772420614957813e-03
3.636166170835495193e-03
3.636419942826032634e-03
3.641984040141105737e-03
3.632265770807862389e-03
3.643007893860340102e-03
3.631510039791464948e-03
3.632656217887997741e-03
3.640446057170629648e-03
3.634714519158005908e-03
3.633228514865040858e-03
3.632666596621275060e-03
3.636115584746003014e-03
3.629113985598087302e-03
3.631210171431302914e-03
3.636151949241757473e-03
3.636140382140874878e-03
3.635587575882673166e-03
3.631622487157583085e-03
3.623385102599859398e-03
3.633540980219840833e-03
3.632615070119500113e-03
3.628880744576454005e-03
3.632667642608284741e-03
3.628382030799984833e-03
3.627817536890506640e-03
3.625722839683294309e-03
3.630183822512626519e-03
3.626086422204971224e-03
3.625118943899869814e-03
3.630241505503654324e-03
3.626177945286035605e-03
3.638604599535465254e-03
3.617353200763463814e-03
3.625274989008903364e-03
3.623769371360540184e-03
3.619302889406681139e-03
3.622297187447547952e-03
3.629091646671295159e-03
3.627780657783150585e-03
3.622243350222706989e-03
3.625669243484735613e-03
3.622458257079124323e-03
3.624255060851574051e-03
3.634097065031528535e-03
3.610477688312530627e-03
3.624121969491243475e-03
3.620025123059749696e-03
3.620449380502104627e-03
3.623784160017967312e-03
3.616503717228770377e-03
3.618492525815963749e-03
3.628766982257366006e-03
3.620088671296834999e-03
3.627145808786153957e-03
3.624781011492014034e-03
3.610569069087505353e-03
3.620231730416417250e-03
3.619396846070885645e-03
3.617470848709344790e-03
3.616422598138451742e-03
3.613157391548156832e-03
3.612745013386011155e-03
3.621080353260040189e-03
3.613128101080656171e-03
3.618917713016271600e-03
3.616758803874254354e-03
3.616611463055014516e-03
3.621118569597601717e-03
3.611860460191964987e-03
3.620593855902552467e-03
3.610636477768421147e-03
3.607876923680305298e-03
3.613697660863399511e-03
3.605784952491521752e-03
3.608100699931383187e-03
3.617102785855531768e-03
3.620292563289404051e-03
3.606751777008175737e-03
3.608701227083802032e-03
3.611655418574809869e-03
3.616487556397914981e-03
3.614182956814765944e-03
3.611575949564575956e-03
3.606309934854507425e-03
3.611711359620094208e-03
3.611480934321880526e-03
3.618450365662574924e-03
3.605268374532461049e-03
3.603041293919086521e-03
3.610929087698459741e-03
3.618395021855831326e-03
3.602027857452630866e-03
3.603851501643657532e-03
3.605514354109764282e-03
3.608826834782957911e-03
3.604861455857753891e-03
3.610932288318872540e-03
3.612779094278812612e-03
3.607764659300446552e-03
3.602889280319213766e-03
3.605815259069204519e-03
3.601853828579187379e-03
3.595817430764436558e-03
3.606039939448237204e-03
3.605078539028763740e-03
3.598607956171035772e-03
3.609315464794635598e-03
3.606121648401022003e-03
3.604684023186564574e-03
3.597733474075794340e-03
3.605923193171620220e-03
3.606579426676034730e-03
3.596126506105065245e-03
3.593511261045932888e-03
3.606202141642570694e-03
3.608531537428498297e-03
3.595703244060278071e-03
3.596557404249906345e-03
3.602551914304494805e-03
3.596614590957760739e-03
3.605881392657757020e-03
3.598881680965423761e-03
3.602056448459625086e-03
3.597768776640295797e-03
3.597304102629423142e-03
3.610674198865890683e-03
3.596197459176182949e-03
3.600647718831896573e-03
3.592935297042131569e-03
3.602247784361243318e-03
3.599572871401906030e-03
3.600355487540364378e-03
3.607416504099964904e-03
3.591869238317012963e-03
3.596937151923775781e-03
3.596629408150911131e-03
3.586684566885232905e-03
3.605421967655420348e-03
3.597610607147216834e-03
3.591416784971952509e-03
3.599686257243156409e-03
3.599995711445808447e-03
3.596836708970368047e-03
3.589388900846242868e-03
3.595093979686498752e-03
3.588053270578384253e-03
3.593834743350744418e-03
3.588376533687114792e-03
3.595131143629551069e-03
3.594394716769457043e-03
3.584910835027694739e-03
3.593901520967483602e-03
3.586931799054146001e-03
3.589628069400787290e-03
3.590517914816737221e-03
3.586232873797416763e-03
3.593717448413372151e-03
3.591806971058249340e-03
3.595542311966419026e-03
3.587811080291867117e-03
3.589302745312452324e-03
3.590739541947841548e-03
3.582322361469268777e-03
3.577834911793470376e-03
3.589842388033866964e-03
3.586493953317403810e-03
3.595149149745702558e-03
3.591565684378147157e-03
3.587871184200048299e-03
3.586824367791414253e-03
3.588256893455982113e-03
3.587436321973800756e-03
3.587386109307408311e-03
3.586773556023836046e-03
3.579839116930961466e-03
3.594303835853934325e-03
3.580875804275274275e-03
3.593035715520381725e-03
3.584368667602538892e-03
3.587080927938223092e-03
3.572491700202226617e-03
3.588145037293434016e-03
3.578115339353680775e-03
3.587094786018133266e-03
3.583945564106106717e-03
3.580848716944456250e-03
3.586679315567016697e-03
3.579615197181701489e-03
3.585253247395157796e-03
3.589601827710866850e-03
3.584406659007072487e-03
3.578148712068796033e-03
3.583810549229383535e-03
3.581468494087457557e-03
3.578030896484851904e-03
3.578831742033362472e-03
3.576186600774526776e-03
3.577079115957021698e-03
3.573943060189485339e-03
3.572729436159133732e-03
3.589343145489692823e-03
3.582789954543113674e-03
3.580375940799713098e-03
3.566437387764453786e-03
3.584565606415271791e-03
3.578274833410978462e-03
3.577735457420349284e-03
3.574198286682367300e-03
3.580404962599277336e-03
3.569608260542154413e-03
3.581103932708501990e-03
3.583784576654434288e-03
3.568128431886434439e-03
3.575442270934581918e-03
3.574475367292761878e-03
3.577401563823222937e-03
3.580399312674999342e-03
3.579690493792295636e-03
3.576351407170295926e-03
3.581253780424594694e-03
3.574040618389845089e-03
3.566781131327152049e-03
3.575456107333302696e-03
3.573500021696090524e-03
3.579648846834898156e-03
3.572661957591771915e-03
3.570156259387731457e-03
3.571832036823034250e-03
3.571582424044609117e-03
3.574519237354397815e-03
3.571597092747688142e-03
3.567762381434440820e-03
3.572187629491090869e-03
3.575287706404924482e-03
3.571381503343582300e-03
3.565737024843692888e-03
3.571346515417099174e-03
3.568855889737606191e-03
3.599094351381063300e-03
3.560461196079850281e-03
3.565183654278516762e-03
3.565051951855420943e-03
3.570724224671721278e-03
3.561603231132030607e-03
3.567749211639165662e-03
3.564240089431405193e-03
3.570927711203694243e-03
3.559690772593021579e-03
3.569852103888988652e-03
3.554404776990413573e-03
3.557603727802634026e-03
3.570432627275586194e-03
3.571923686861992048e-03
3.560313375741243520e-03
3.567621839195489995e-03
3.559897275045513943e-03
3.556549618989229226e-03
3.567107985466718562e-03
3.557061107903718763e-03
3.561788415610790334e-03
3.567513181641697798e-03
3.565080490559339663e-03
3.562671154364943464e-03
3.563151000738144000e-03
3.563589573800563740e-03
3.566743037551641307e-03
3.555956045687198690e-03
3.556962124481797150e-03
3.558316797688603275e-03
3.560722375661134684e-03
3.561334484219550942e-03
3.566700042337179240e-03
3.553816026523709450e-03
3.559883988499641314e-03
3.561116248220205262e-03
3.557960768342018250e-03
3.561680319458246109e-03
3.564003069251775804e-03
3.565749059170484486e-03
3.550849692448973614e-03
3.549303560853004410e-03
3.557944095879793205e-03
3.555924238711595433e-03
3.554657234847545619e-03
3.554408380985260053e-03
3.560259863436221906e-03
3.556518272385001105e-03
3.558039181903004632e-03
3.556641803160309669e-03
3.552487087026238652e-03
3.560846519246697612e-03
3.558271683156490148e-03
3.551485190689563590e-03
3.549152612686157313e-03
3.555987066477537054e-03
3.546498943120241117e-03
3.551427909135818507e-03
3.560001707971095948e-03
3.552680928707122824e-03
3.554215419143438165e-03
3.556363554000854625e-03
3.542260657846927740e-03
3.554502002894878530e-03
3.558678352236747597e-03
3.549562991857528865e-03
3.560776186138391464e-03
3.549083480238914359e-03
3.547231752574443817e-03
3.542341332584619633e-03
3.548016111254692281e-03
3.546304212510585641e-03
3.539884918183088241e-03
3.549853472188114947e-03
3.548426183611154416e-03
3.558702468350529759e-03
3.546543324738740764e-03
3.553637957647442797e-03
3.544588360339403273e-03
3.547241940870881228e-03
3.547686950042843856e-03
3.538567743226885692e-03
3.551646577268838950e-03
3.545824436247348947e-03
3.547220402210950977e-03
3.545804673433303970e-03
3.545157345980405952e-03
3.537716030105948328e-03
3.543808996602892947e-03
3.550156503096222726e-03
3.549344571754336434e-03
3.549045486897230237e-03
3.537619116976857114e-03
3.546557258665561721e-03
3.545713697522878682e-03
3.543305691704154090e-03
3.544057098478078753e-03
3.543965310603380305e-03
3.546300202161073532e-03
3.535013039633631490e-03
3.538714831769466333e-03
3.535077348798513260e-03
3.534800120741128735e-03
3.535996344536542976e-03
3.545209396407008034e-03
3.539643189907073877e-03
3.540325055122375397e-03
3.542254272699356041e-03
3.544794491231441358e-03
3.536741129010915596e-03
3.548029075637459690e-03
3.533803804963827223e-03
3.534606957733631150e-03
3.538834166526794341e-03
3.539957547932863404e-03
3.533459505587816050e-03
3.538391843736171747e-03
3.541511713862419055e-03
3.543349919170141367e-03
3.543330921977758379e-03
3.532023694440722394e-03
3.533241164535284168e-03
3.535189620554447017e-03
3.534255857318639726e-03
3.544219821095466721e-03
3.536908464804291909e-03
3.535084369182586814e-03
3.528508773744106191e-03
3.537810810953378841e-03
3.529478151351213636e-03
3.533064821511507081e-03
3.536208860427141314e-03
3.532876324653625496e-03
3.534769278317689747e-03
3.523646847009658661e-03
3.535808510705828848e-03
3.527553603053092818e-03
3.531540909484029000e-03
3.539880259633064203e-03
3.526549587547779009e-03
3.539277546852826872e-03
3.530058343559503743e-03
3.527989962548017458e-03
3.535093753710389242e-03
3.527145201638340766e-03
3.529185936748981556e-03
3.527019052356481724e-03
3.529434948116540703e-03
3.524972860217094519e-03
3.525645408034324638e-03
3.527651536166668059e-03
3.528465138822794132e-03
3.527863958477974078e-03
3.525103310644626693e-03
3.528473698645830277e-03
3.531068452969193458e-03
3.531492398828267945e-03
3.519790488332509917e-03
3.530441231355071000e-03
3.521034536808729121e-03
3.526413595005870039e-03
3.527685885429382179e-03
3.527536109238863134e-03
3.525794123709201800e-03
3.516763898283243369e-03
3.529723758101463351e-03
3.524312086254358187e-03
3.523996838778257513e-03
3.523765957504510892e-03
3.531480218768119975e-03
3.519388140588998806e-03
3.529891241043806287e-03
3.515225182548165246e-03
3.520642407536506754e-03
3.518481425046920789e-03
3.516742409020662177e-03
3.518669943660497710e-03
3.528235465288162391e-03
3.521465219855308536e-03
3.528907187879085517e-03
3.519565005898475825e-03
3.520227867960930030e-03
3.518795003890991171e-03
3.523800834715366381e-03
3.520791266113519787e-03
3.516464129090309150e-03
3.513062602281570492e-03
3.518222657963633333e-03
3.516373306214809306e-03
3.524901432096958030e-03
3.511590691208839494e-03
3.512161757051944760e-03
3.505415090024471391e-03
3.525131207481026641e-03
3.521999025717377496e-03
3.518142648562789122e-03
3.522952858880162071e-03
3.515999643355608058e-03
3.516175132766365900e-03
3.515761520564555931e-03
3.517457269579172228e-03
3.523305256068706617e-03
3.510376060307025814e-03
3.519249444603919988e-03
3.519389937222003936e-03
3.509599553197622224e-03
3.506950061917305048e-03
3.518235406950116165e-03
3.510473944842815597e-03
3.513734284043312003e-03
3.518098748326301418e-03
3.517322953268885513e-03
3.512186236083507385e-03
3.510504945367574816e-03
3.521171283572912137e-03
3.508413268923759286e-03
3.518065046221017806e-03
3.514888853356242307e-03
3.520944866538047724e-03
3.513855620771646517e-03
3.512651680409908418e-03
3.509502865523100087e-03
3.510968593955039827e-03
3.514396973848343039e-03
3.508819959238171794e-03
3.504018196985125497e-03
3.498663665801286880e-03
3.510256929546594438e-03
3.515109171569347473e-03
3.497801228389144004e-03
3.509948139637708662e-03
3.504454420730471458e-03
3.515708341896533855e-03
3.507740803956985263e-03
3.507651445567608068e-03
3.506503518521785628e-03
3.513567531853914200e-03
3.504750610440969527e-03
3.506259403452277081e-03
3.507366716340184262e-03
3.508174731880426243e-03
3.505384828150272161e-03
3.502816530466079659e-03
3.510023098886013229e-03
3.499086015224456888e-03
3.499198428317904386e-03
3.505111626237630753e-03
3.505205107033252873e-03
3.503658623099327116e-03
3.493202199488878047e-03
3.497353230863809760e-03
3.502516017332673280e-03
3.504176723659038414e-03
3.502318579331040529e-03
3.501100595965981471e-03
3.500007450282573672e-03
3.499680399298667720e-03
3.506361443698406081e-03
3.497778438329696756e-03
3.502071271538734470e-03
3.493625505566597036e-03
3.507738884836435287e-03
3.499552496373653510e-03
3.502211972177028849e-03
3.490235977619886472e-03
3.495738813877105871e-03
3.502215779349207928e-03
3.495525151491165293e-03
3.499325961768627157e-03
3.510283208638429776e-03
3.507858928442001215e-03
3.492722365111112538e-03
3.496985985338688010e-03
3.486810371130705070e-03
3.499043825268745560e-03
3.497048053815960799e-03
3.497798356413841462e-03
3.497141729146242134e-03
3.497414893358945752e-03
3.498772374764084602e-03
3.493113175928592821e-03
3.499496805742382914e-03
3.499672067388892322e-03
3.494414284527301833e-03
3.490870845466851995e-03
3.497651530951261314e-03
3.491830376908183070e-03
3.503887025266885606e-03
3.497896351441741065e-03
3.499638299643993439e-03
3.487707040756940838e-03
3.487490728497505150e-03
3.493688944280147566e-03
3.500202932804822968e-03
3.491755200177431087e-03
3.492172811031341462e-03
3.483049084395170320e-03
3.484013334959745484e-03
3.486610118150711233e-03
3.495774073973298077e-03
3.487505993917584205e-03
3.493265874907374585e-03
3.493091522306203747e-03
3.489865896254777840e-03
3.493888901174068643e-03
3.489995884820818687e-03
3.483950412645936065e-03
3.487633387893438255e-03
3.485230143070220787e-03
3.495199121609330294e-03
3.482072747349739070e-03
3.482128498181700886e-03
3.491966061219572807e-03
3.489778269678354104e-03
3.485359867960214492e-03
3.488463351130485605e-03
3.490271849930286392e-03
3.496377788260578937e-03
3.488984987437724998e-03
3.485611326098442091e-03
3.483197256401181045e-03
3.487152655571699230e-03
3.479140606671571843e-03
3.484050598144531122e-03
3.488294349461793994e-03
3.479972417354583632e-03
3.479360295385122096e-03
3.480158904641866748e-03
3.474113750904798438e-03
3.487670767381787461e-03
3.486538930311798914e-03
3.478394089192152032e-03
3.482168744429945968e-03
3.481282224282622462e-03
3.487698370665311826e-03
3.487358877360820578e-03
3.478147850036620962e-03
3.483871508166193950e-03
3.491483434364199643e-03
3.486181986182927944e-03
3.469136603102088070e-03
3.489272671192884551e-03
3.483563029319047908e-03
3.477255455031991096e-03
3.477969982922077090e-03
3.474251016676426114e-03
3.480682023465633216e-03
3.477544255703687772e-03
3.491479701548814724e-03
3.478947376608848736e-03
3.480529893934726591e-03
3.480622758269309811e-03
3.477177095264196403e-03
3.480364289656281279e-03
3.479526585340499741e-03
3.489194267988205127e-03
3.477443789467215326e-03
3.468006641119718552e-03
3.488096064627170360e-03
3.472194178625941357e-03
3.478641915619373488e-03
3.481311687305569617e-03
3.473932960182428246e-03
3.476760902404785192e-03
3.477120867595076721e-03
3.471194123253226130e-03
3.468104799315333171e-03
3.475422962307930103e-03
3.481813227012753482e-03
3.469467805624007993e-03
3.468721433877944987e-03
3.478525255545973811e-03
3.479948763549328000e-03
3.475464942306280038e-03
3.473301523327827506e-03
3.477511334717273833e-03
3.470035247802734282e-03
3.485185683593153890e-03
3.469380429834127266e-03
3.477811310812831125e-03
3.476995275318622586e-03
3.472338117361068940e-03
3.471213109940290281e-03
3.465457969605922808e-03
3.481499655023217402e-03
3.463945251405239033e-03
3.477023561894893554e-03
3.472511043176054919e-03
3.469569837599992875e-03
3.472184208631515397e-03
3.472929196581244372e-03
3.464903261959552654e-03
3.467229464054107698e-03
3.476246356591582327e-03
3.468020091354846908e-03
3.478286530524492097e-03
3.470147495567798418e-03
3.468204698935150980e-03
3.456690030172467065e-03
3.464537933021783703e-03
3.476049943789839836e-03
3.465747447311878001e-03
3.473617888391017892e-03
3.466797112077474666e-03
3.461862591877579512e-03
3.466704929322004473e-03
3.463901478126645180e-03
3.460768160074949307e-03
3.460450025424361298e-03
3.464390724077820623e-03
3.470556311011314433e-03
3.473357971012592214e-03
3.468486609309911779e-03
3.463441858142614523e-03
3.462943163216114246e-03
3.458064057454466808e-03
3.466964273899793801e-03
3.467987287491560138e-03
3.463480214327573602e-03
3.456688039451837492e-03
3.462749437391758004e-03
3.468466798365116115e-03
3.463090093955397547e-03
3.468215107172727477e-03
3.458177150189876373e-03
3.460984664857387743e-03
3.457005918473005091e-03
3.466194259673357168e-03
3.462072236612439343e-03
3.455890544950962050e-03
3.457582747265696647e-03
3.466216460168361577e-03
3.460379297956824116e-03
3.459096432924270697e-03
3.456218430995941244e-03
3.457527396976947578e-03
3.458802608326077416e-03
3.464832842350006308e-03
3.456361024528741693e-03
3.455065175965428212e-03
3.452600026577711066e-03
3.457942998409271364e-03
3.446673598065972538e-03
3.459419715926051117e-03
3.461575038433075020e-03
3.453182028830051580e-03
3.458352676182985513e-03
