3.756624140467287321e-01
5.490337731678745885e-03
1.492615979786858504e-03
9.103584834311902619e-04
6.237912142055927756e-04
7.422814353170663739e-04
4.297922841043547008e-04
4.407590087125876034e-04
3.278757427721523655e-04
6.717256492518285929e-04
3.249792259237168886e-04
2.475837464258265883e-04
5.247821212246378628e-04
2.141730933981667072e-04
2.889258295771818404e-04
2.599912221433139958e-04
5.297704951410013791e-04
1.703339687202525844e-04
3.002277496956680912e-04
1.941129618442422749e-04
3.147595400697678373e-04
6.767480358831073775e-04
9.023115939202622693e-05
5.234035229794442318e-04
8.436178253249503468e-05
3.962845590195128117e-04
3.539216975019799359e-04
2.030288191863891141e-04
2.537355132806730059e-04
5.460008458575947316e-04
1.449453166352217607e-04
1.756600869932950363e-04
6.786745182086595645e-04
4.888656543684398621e-05
2.770791820476584230e-04
2.366609225896170083e-04
1.358241772150456633e-04
5.226079242868496592e-04
1.502994889698924406e-04
1.369212839976033738e-04
7.196315937169633784e-04
1.138845770738901612e-04
2.643036745260445236e-04
5.421367081116599808e-05
7.910629358099891071e-04
1.246425711351713326e-04
2.149162093574424068e-04
8.655952653480609429e-05
2.128073762325854751e-04
5.025538496851835249e-04
5.087555213368315780e-05
4.102266420352332588e-05
3.597522487077167144e-04
8.599285886918277722e-05
7.587184268214115703e-04
5.039906452774207344e-05
4.879674049771747050e-05
3.848626961273852033e-04
4.663888306471881793e-05
2.450829398009225584e-04
1.281414709050920659e-04
1.467579570525389082e-04
4.876215120021596219e-04
8.500657153111433801e-05
1.189397548875794963e-04
2.011448603384523596e-04
9.474088803673550048e-05
3.012370486280259115e-04
9.491387385264061594e-05
1.390842346417445500e-04
2.192556613849829276e-04
6.918309552586847030e-04
7.658460986535657708e-05
5.292089063208886649e-05
2.630665498336118662e-05
1.489473365661330318e-04
3.316790029791572654e-04
7.642655218575507726e-05
8.473579568636240055e-05
2.578968189630006852e-04
7.300154892844173808e-05
1.658461520138610368e-04
1.057964111903814147e-04
2.153918387004182498e-04
9.088038447565211831e-05
2.845823964370610424e-04
2.065104359542635742e-04
1.163036898455563849e-04
1.156663231448046161e-04
3.049917313384112793e-04
4.803712600835717843e-05
1.106355681726650040e-04
2.258647353470369151e-04
2.380203117191693923e-05
1.044846361060619057e-04
2.647123182097391126e-04
8.755429085486262394e-05
1.107923334767617541e-04
1.393669156365721310e-04
3.128686140596402673e-04
3.993054344948598227e-04
1.325954821274061918e-05
9.976052530998013649e-06
1.211038403964415604e-04
1.066196644264023554e-04
1.802424074238395658e-04
7.819132629878062211e-05
6.305136299404721803e-05
1.577807835877862613e-04
2.457586952775723328e-04
1.043644881096840655e-04
5.112148804744395749e-05
3.027242182747100848e-04
4.474493632719940610e-05
2.458418123721266063e-04
2.726787859907912583e-05
1.652788632879156666e-04
3.062314757794681939e-05
1.655512004789815614e-04
1.538555244488344002e-04
4.609949611383295132e-05
1.579506399284938119e-04
1.145344010832646076e-04
3.652334172504038425e-05
1.606809934554701642e-04
3.472283765844374516e-04
6.673320439196250170e-05
2.281332192310219937e-05
6.477788290850873445e-05
6.824624381423873335e-05
4.481507378552522904e-04
1.932438752910823639e-05
8.522132759007345512e-06
8.279241261363889687e-05
1.323253980479814076e-04
1.006086715132720947e-04
7.052269396070029212e-05
2.973164884355261801e-04
3.492325688127571561e-05
2.934982612539753838e-05
1.448304288143429286e-04
1.449915610254790520e-04
1.435368369610984624e-05
9.533319100833775796e-05
3.353732779493281339e-04
2.604525233317103977e-05
1.470640494701950439e-05
5.181656545223344397e-05
3.409223289223664620e-04
1.109099793630030062e-05
1.345150893743028723e-05
1.294504895785759241e-04
6.694242270527685202e-05
2.872333019042561716e-04
1.542787779821556423e-05
3.637274500536754750e-05
4.344774219768917777e-05
1.810288417120242330e-04
9.380604772087640689e-05
8.118492072258518336e-05
6.617813845815282293e-05
3.966293268128999575e-05
3.460970323570163889e-04
2.541023188473291757e-05
1.100394707037029281e-05
6.242900202061957571e-06
2.825754569338673411e-04
4.568103533867026169e-05
5.117177713025476894e-05
5.409975884547228405e-05
6.508331051049013661e-05
8.469844950152799403e-05
4.294226390756414015e-05
3.870261637728450617e-04
1.540552904609945252e-05
8.335687860362271000e-06
5.720015502905323538e-05
8.818727695958367271e-05
1.021011786341201544e-04
4.584253925482573573e-05
3.920545179927441271e-05
1.424731910230216223e-04
7.061887453598417815e-05
1.218205282513996229e-04
5.890543057289382613e-05
2.370300522595168084e-04
6.918336753984312553e-06
2.789750803469457491e-05
8.191095774161441620e-05
1.130274297179112794e-04
3.796862234379327303e-05
2.562413757271226342e-04
1.948446186561880459e-05
1.010843522439613718e-04
1.236095194411328767e-04
7.971320119852003390e-06
3.590505624171973269e-05
8.087805917532370605e-05
3.091281557251650887e-05
3.171182262817608209e-04
4.444674530902554985e-05
1.379521791472397774e-05
1.130596659083296032e-05
9.238046410292841723e-05
1.026830317332397670e-04
6.882510531404203893e-05
6.801139558109772798e-05
1.234460677934570293e-04
2.082825687993263673e-05
4.827426912938381662e-05
3.049838944241036191e-04
1.658077413143725111e-05
6.229659362996033257e-06
1.165012973125119459e-04
6.176468282947393984e-05
1.013348192835612972e-04
4.669706325794269062e-05
1.322934177760171351e-05
1.650502056075920146e-04
1.781878839363192210e-04
4.246756470683012221e-06
1.712543281311747488e-05
3.426508793322904207e-05
1.201089841324612427e-04
1.975971201072228452e-05
3.309579241999535421e-04
1.240931537519591955e-04
4.222838230542836752e-06
6.326659245212061682e-06
1.137162174402140007e-05
9.692452174769492987e-05
3.476909723878796347e-05
3.833836630023434408e-05
8.889307229241211888e-05
1.371613925320149050e-04
1.066142321712831951e-04
5.029770696223584620e-06
2.842994414676375622e-05
1.570622653484248410e-04
2.830377128370259188e-05
6.416502298769707956e-05
1.064234915482830280e-04
1.564106412235560659e-05
2.276667847150184000e-04
9.927775328981272086e-05
4.351061108855290349e-06
8.012900347359350829e-06
5.605747406806638731e-05
1.240368073239678022e-05
2.395057740120503807e-04
1.404097708102423964e-05
2.471732214797687087e-05
9.297291340185330217e-06
1.709737370171767715e-04
6.336995436574799205e-05
5.796906762026189517e-06
1.200378902216655754e-05
1.531847356678964493e-04
5.414895821997920441e-05
2.199377883873282317e-05
1.967983864992320960e-04
1.913329563115516392e-05
1.715475920802997216e-05
1.022665595339457739e-04
2.316131930500064343e-05
8.153125748010000130e-05
6.044282875729721971e-05
6.771294582703644743e-05
4.681428346611422490e-05
5.083016505679096133e-05
5.586273779547137262e-05
7.095011041805770297e-05
2.452504949646638985e-04
4.353045835481875869e-05
3.467994568830618157e-06
3.350326751098990283e-05
8.466147252082981806e-05
4.239350400512321190e-05
3.314139460960865443e-05
4.000001814800119862e-05
1.516965825417481220e-04
1.343162820394651633e-05
7.003490111165195829e-05
2.161154335795913113e-05
2.579216392829302351e-04
2.889299025112985827e-05
4.162409292575804938e-06
3.639367449827507885e-05
5.989128134067571121e-05
9.765521108821271129e-06
7.070539035213128291e-05
1.700408052557955750e-04
3.701431226624435128e-05
2.006300573295907090e-05
1.401173253578587886e-05
1.007509829287583610e-04
3.275700733670181453e-05
8.425622939994219902e-05
3.443301175306608407e-05
1.129028754559921482e-04
2.672659591104444905e-05
1.222553715108609619e-04
2.204082283952292373e-05
1.280585787562675128e-05
6.256856129301572960e-05
4.354716098617722399e-05
9.118469871569894630e-05
1.382705478226014801e-04
6.581497378123228918e-06
2.228613920997316568e-05
5.032680767719590226e-05
1.216988933539252585e-04
2.137794556557593405e-05
1.317652650441071651e-05
1.839194043947406203e-04
1.175923387971392910e-05
1.275228743952927842e-05
6.609007134205730155e-05
1.092383108065010194e-04
8.693883475692710172e-05
6.562458086195602837e-06
1.335413916827510906e-05
9.491766930667206933e-05
1.997141487479349008e-04
3.669253865961191730e-05
1.044238825797601937e-05
6.346629347586857653e-06
2.412788051560290915e-05
1.098434773131456987e-04
3.565421062502595968e-05
5.610861664604147893e-05
7.942920390038525201e-05
1.030044750249434646e-05
8.861542457400615189e-05
5.191432139407145633e-05
1.483324923639688661e-04
5.701203763996241966e-06
6.048071932734274221e-06
1.553121714606006204e-05
2.316350735300914672e-04
7.622943378803370851e-06
8.291485962149052226e-06
1.493439878389732726e-05
1.830970331301701420e-04
7.279821128987618119e-06
7.006131634060376417e-06
5.675015826266302906e-05
3.000589070252442656e-05
9.121515549928087784e-05
3.178145731134519766e-05
1.148568760880590723e-04
1.615025251407615302e-05
1.804693821413451210e-05
1.277802698490532586e-04
3.127984079249785683e-05
8.444748849831324163e-06
5.630638581656865425e-05
8.207070124697744275e-05
3.164529997594864183e-05
8.447427661584987289e-05
3.466693577886521371e-05
1.344887958612601516e-05
8.229178398161269008e-05
1.392388905140578095e-04
4.518498144357745278e-06
1.330159953895586531e-05
2.032322629759069756e-05
1.596922643689020565e-04
7.317928977398204837e-06
2.574653857789153052e-05
6.781149697818735454e-05
1.957072814331161390e-05
9.759610518354091906e-05
8.285740647608858347e-05
9.728453542228545942e-06
2.776904370781399766e-05
4.080933277027643088e-05
1.047607612303260273e-04
7.660650315413339349e-05
4.031775458341842807e-06
3.211196632208099900e-05
6.316185919757329149e-05
6.554227122372806422e-05
8.369619653887989019e-05
1.766160862975883425e-05
1.120311423769989559e-04
4.331658300704422222e-05
1.825945214186095836e-05
1.221215727534365383e-05
1.095630977567274713e-04
8.819462759314793143e-05
5.036518542071003069e-06
6.422528419066671603e-05
2.740833828365564742e-05
2.468290684017582272e-05
5.105231060917515178e-05
1.301186486051346381e-04
1.411444495857775989e-04
4.266982177941778677e-06
3.152301981365243747e-06
5.911426232398723956e-06
5.600596590595207427e-05
7.255477824391168046e-05
3.481362331837158824e-05
3.310196519276207975e-05
6.432667409510928842e-05
1.180934931915558143e-04
7.713585128853180271e-06
6.765269100103595075e-06
1.193130620749504326e-04
8.849138748918275259e-06
1.515227538554922012e-05
1.993711515145958992e-04
1.015605525021077582e-05
7.497237818170930135e-06
3.138483963707579873e-05
8.036037836111653598e-05
3.278274421352968840e-05
4.883614972161981141e-05
1.816382706185744157e-05
9.795002206832829374e-05
3.892679124178791813e-06
1.029710681945275944e-04
1.808299242249828339e-05
6.382108402734795197e-06
6.889867551979102765e-05
5.144746960234318771e-05
8.742415361259024014e-05
1.734609901433249924e-05
1.199106259100066978e-05
6.193711973032266162e-05
3.488887388695364745e-05
6.541810878420861340e-05
8.785606493449668391e-05
2.021638081579864838e-05
9.100611792720286319e-05
1.130463065614373020e-04
3.464903428915563635e-06
3.905884922392864356e-06
8.357045759217488694e-06
1.441677209674747441e-04
5.948691493025166384e-05
2.549148453868649419e-05
1.603383654732928260e-05
1.752113178691772012e-04
9.156402861529733955e-05
1.836721951710216832e-06
2.157631554564623908e-06
3.284179549023008031e-06
4.409618476310517824e-05
4.471563676960363376e-05
4.051927715801533858e-05
2.773597031070263686e-05
1.061351754192432989e-04
3.010080650344228360e-05
4.363675971135274646e-05
1.001718982857483165e-05
9.462456091255871731e-05
7.827316780150777003e-05
5.820891961049346014e-06
2.668379861617367507e-05
2.315356811311937698e-05
1.041856748953366577e-04
3.992252382962330881e-05
1.734819500301048792e-05
9.512526163176334088e-05
1.338329690826505403e-05
5.149205180258883084e-05
2.828435691554877430e-05
2.261336770544444691e-05
4.110854454199351464e-05
1.860341285340777308e-05
2.125455594620202142e-04
6.297340012479421371e-05
2.123474340988993726e-06
2.364011598858125350e-06
6.883646398438158713e-06
4.823053406662839576e-05
8.093271541363575251e-05
6.490414935951421848e-05
8.794162931816444800e-06
8.455569692100369750e-06
6.850447812972409295e-05
4.786922825049842940e-05
1.756165836733859570e-05
6.985148840500225189e-05
1.052016995321242003e-04
1.407321163676651448e-05
1.072239197356313506e-05
2.738856732213142782e-05
7.762610194942510351e-05
2.486704406163955789e-05
1.678617369866993402e-05
8.720749454906099847e-05
1.033638100841990953e-04
4.905422212152973487e-06
1.054740858559062096e-05
4.357729114064281666e-05
9.029835972357579165e-05
5.965345319117941426e-05
5.828577426406387394e-06
5.120114940257322568e-06
6.205610714034203910e-05
3.057404930827761714e-05
5.464138421061337140e-05
5.099104099569644143e-05
4.889395634881006105e-05
1.635322140572785204e-05
1.029245294268079280e-04
3.396171760917224866e-05
2.447343284520131919e-05
1.021309977373568853e-04
1.888363226602314928e-05
1.293969041638997898e-05
4.817568375050145445e-05
1.763852855990329004e-05
8.156404133523417928e-05
5.690792711016398527e-05
1.065928862530987460e-05
5.102723803220729167e-05
5.182099428214330790e-05
1.538072219079295857e-05
4.388351161309212133e-05
5.250827773470807461e-05
5.014576963868476895e-05
6.111046173365596479e-05
2.414644250833771055e-05
1.241401418460756473e-05
2.751176018978814051e-05
1.048988041749311385e-04
3.242935656313346103e-05
1.037615328989366394e-05
4.291308697628134133e-05
2.878584368716796275e-05
7.712035426783817602e-05
3.325774807569374040e-05
2.384564558716447972e-05
1.459509918892457298e-04
5.262520616186649898e-06
3.465184264372591972e-06
5.461829605875131066e-05
3.594269454760493104e-05
3.207858924182982214e-05
5.567444729649474066e-05
6.201025422502169945e-06
1.004037151282958758e-04
4.608818709949980978e-05
8.669264422263381567e-06
5.023818946509528758e-05
1.753367969330495502e-05
4.525071371510777494e-05
1.173698542085066027e-04
1.085914935569103693e-05
1.535624264326384931e-05
7.212078893703902354e-05
2.268733787232307084e-05
2.098796085222895589e-05
6.091488321613296750e-05
3.531034420927965585e-05
9.778808090100274083e-05
1.012143457920311380e-05
2.610957344315758305e-05
7.063678581147488360e-05
3.504285659721291480e-05
3.252720437757422665e-05
2.237504703678628207e-05
2.624473291946656707e-05
3.788284590208627277e-05
1.150703710966000988e-04
1.343922199182343191e-05
3.275822306129021015e-05
6.470746748621572920e-05
1.917843135724581254e-05
1.260059741724524741e-04
3.227127245454330462e-05
2.719979726222149704e-05
6.876177972076234285e-06
7.078639414225075620e-06
6.013409352139028192e-05
4.113945034582718561e-05
4.072966082629726352e-05
2.619966744502269331e-05
1.191717432435733741e-05
3.246097018781042565e-04
2.887245520816057484e-05
1.786223048645967980e-06
2.127607743951510646e-06
3.243538995773128952e-06
3.680861678438402541e-06
5.031152880344843083e-05
2.183187550115396698e-05
6.383107208886887015e-05
7.023012938067416686e-06
5.014592390385652523e-05
8.567681019342819994e-05
7.721651138820026685e-06
9.036656295088202158e-06
6.034594207883509374e-05
3.245712825953920401e-05
2.576990214612538831e-05
6.556719619949479255e-05
5.328551060498825359e-06
1.206388467152187238e-04
3.701762224942006904e-05
4.971896177597541716e-06
3.816927988240184118e-05
6.359328916054420879e-05
8.748027150410060034e-06
6.474025216810817894e-05
9.003696939136649846e-05
1.295977005978964891e-05
3.864610019419310370e-06
1.923381220528138741e-05
6.528523621000153262e-05
7.132973969392988108e-05
1.089840021144180110e-05
4.082788896630841659e-05
5.702002383848599432e-05
3.940996708699789360e-05
1.746700568870321533e-05
5.624484859647226520e-05
3.223651703067715685e-05
2.693912038973781173e-05
1.634508804483964157e-05
8.954896863958778709e-05
9.634139359296924304e-05
2.579153421636599269e-05
5.316905868112640534e-06
4.995498871288613453e-06
3.098156945274845156e-05
7.038821725998511264e-05
6.233930216504796127e-05
1.118876274427210074e-05
1.011121529082229117e-04
1.832065205549645451e-05
6.789746056891130933e-06
1.266185290406796450e-04
2.458962807668497839e-05
4.834607735244904384e-06
6.504220507826183526e-06
1.712860132496310265e-05
2.495954628954293150e-04
6.537952155794056223e-06
2.884139668753376465e-06
3.219360995844219639e-06
7.069185626618276628e-06
4.478394418784706961e-05
6.099987956808095664e-05
1.090009465947172392e-05
1.508407421927939879e-05
7.263592027156862401e-05
5.150293866171729869e-05
5.743347725423983970e-06
4.472980042525129187e-05
7.584459921536877182e-05
2.103675851081585998e-05
1.327678707009815713e-05
1.980035409434373095e-05
1.581709632882912951e-04
1.356626523267687261e-05
5.113466107980569619e-06
1.321568120637734572e-05
3.581821689801202411e-05
7.180023732412389151e-05
1.377651213626126236e-05
3.576724486377985831e-05
9.154435090862496880e-05
1.836565936314252373e-05
4.875358536466666329e-06
2.560910384369999461e-05
1.008543873163843349e-04
9.581367723647574673e-06
9.903772892523138001e-06
7.053504575530991562e-05
9.980099645223885043e-05
2.202402220493299582e-05
4.428408659407201765e-06
5.411698525741059645e-06
1.288270218298020228e-04
8.100333205943430800e-05
4.950096909136174899e-06
8.903184837662517510e-06
4.145527572411548763e-06
4.287020765782827126e-05
8.949433443760602068e-05
1.765295462735067255e-05
2.235569686167871865e-05
5.704318176333068722e-05
8.357505185268544691e-06
3.597072905211693133e-05
4.576356935953521511e-05
1.644360406199705583e-05
3.590809648884993923e-05
1.115800842730237796e-04
1.588012595130829587e-05
7.793203562181716718e-06
1.408504194233804887e-05
1.531367057852800787e-04
2.659201159118398139e-05
4.503630784560249859e-06
4.794749259145939630e-06
4.667039757397040074e-05
7.308922469996829898e-05
7.382629296114230672e-06
2.993481332012557785e-05
4.218993146315911194e-06
1.049878686540491659e-04
2.939804790816330217e-05
7.591968979238707995e-06
3.031619011031090542e-05
7.191965830076372742e-05
7.237359765854725190e-05
4.148885452459392080e-06
1.065347086525863667e-05
3.421756678434871731e-05
7.381624869117187602e-05
3.586611861269137680e-05
1.785272589314839000e-05
1.050625846982600759e-05
5.598774629933184682e-05
1.630908097280918609e-05
6.651150526317873603e-05
3.237867420735823039e-05
5.570601679860662562e-05
2.992940971136195526e-05
1.631076960554837203e-05
1.423420430774608830e-05
6.370408315276918760e-05
1.283335356276672461e-05
2.947723574446806753e-05
2.962326058105903040e-05
4.490537270831563080e-05
6.299457170540633704e-05
6.648472259068979374e-05
1.190212602746847403e-05
2.078869151267066060e-05
2.983165212317992869e-05
4.101439434630064704e-05
4.262675562895257861e-05
9.729115147648631642e-05
6.862505420029568770e-06
3.851765320352612719e-06
3.523895386119742251e-05
6.520474027948085748e-05
7.029358775664457587e-06
8.116036730616511331e-05
9.003160612934559717e-06
1.201372940802167131e-04
7.379593693796598073e-05
2.828648303915630651e-06
2.344563271184378141e-06
6.206734152923575522e-06
5.520361469494702904e-05
2.570135145128302025e-05
3.855014371040285307e-05
4.883159351330483512e-05
2.275271254236624417e-05
3.758869453100798197e-05
4.953011997162706277e-05
4.084004343117720183e-05
2.261295438611768811e-05
3.259083245686616716e-05
1.384306875972710021e-05
4.159606236289487019e-05
4.849374365604867173e-05
4.498167539659271986e-05
3.922000714053891350e-05
3.512554093058949198e-05
4.315378864004167016e-05
2.266023649977806737e-05
6.224737069274190059e-06
1.305770844648708278e-04
1.469090249617882981e-05
1.154301720640895705e-05
9.258804615455826218e-06
2.147298431243813363e-05
9.301833871045591903e-05
4.918151694141708360e-05
2.153320333123925150e-05
6.489113532315138407e-06
2.934194385960072951e-05
1.127835871265734817e-04
4.195892802375829735e-05
6.165897679104136204e-06
5.135684908578218263e-06
8.874246345422497038e-06
3.211758510013764913e-05
8.311699113875385550e-05
1.648501657632760325e-05
6.249906066520357600e-06
2.083638368918590394e-05
1.148334341830655213e-04
2.384098900136510626e-05
1.066636820828904146e-05
8.151554173825520204e-05
4.355782912183102997e-05
1.922878100934281674e-05
1.324326826030645860e-05
2.638855510409773050e-05
3.500888011691819537e-05
3.314772738545555803e-05
5.591197508811860707e-05
1.720515672002530570e-05
2.317089287938865053e-05
5.793943077459111005e-05
6.213801570317550209e-05
6.650806993258048779e-06
2.829556450053855387e-05
3.623426198857275548e-05
3.392791163241397622e-05
3.960386545080189140e-05
3.981700593198422828e-05
4.717670417101457926e-05
3.330255195181185243e-05
2.088439711220095010e-05
5.162167403689469822e-05
4.154806336471026425e-05
6.424725005112006521e-05
1.560572712885568590e-05
2.341334002450962443e-05
7.669473867171429488e-06
9.234767425359478551e-05
9.480177153864925580e-06
9.738482588189089901e-06
6.414561047154137684e-05
4.221263677846551649e-05
6.421769284659590356e-05
3.595557476712207075e-05
3.614825447525536700e-06
1.811236179681890586e-05
2.186591688166924992e-05
6.885772247676907919e-05
1.973318341224064183e-05
9.903694102783968520e-06
1.063288886834493145e-04
1.104147730771698631e-05
1.201069743259575898e-05
3.109707854508385241e-05
5.455762521342795147e-05
7.711543814414334485e-05
1.891445790360150964e-05
1.851535189678253795e-05
4.842686359735570261e-05
7.772898237213261724e-06
9.786612194075964888e-06
8.291245565616673708e-05
3.822152319000288282e-05
6.708255140581011354e-06
6.973933962657020169e-06
7.141351942917042723e-05
4.597933626785947239e-05
1.749843685523645815e-05
4.450688836168315612e-05
3.344099671083273568e-05
1.112376689488511353e-05
6.012737885282966414e-05
2.655451512889233848e-05
2.159206189456884230e-05
4.662401110150727262e-05
3.001377036823519540e-05
3.796616743221911260e-05
8.847132918471286829e-05
2.278279963913220561e-05
4.326031673712539971e-06
1.073570392853825326e-05
3.416991534224540447e-05
7.257180192389448350e-05
1.108121994007259984e-05
8.645571895564207882e-06
1.167081476071112750e-04
3.412448991744304708e-05
2.870204213173219080e-06
1.173175914090490951e-05
6.731322018328544715e-05
2.515451799414051106e-05
1.318050929556077795e-05
1.436245094358961429e-05
4.989884103918733170e-05
2.121923677575751358e-05
6.874490761524914282e-05
2.047493234673114493e-05
5.563400940640486064e-06
1.002932902616630769e-04
4.184459269924171765e-05
2.049548526256438717e-05
5.289739132012916841e-06
2.925421112782417875e-05
4.293673075212489144e-05
2.398600893147156005e-05
1.000692681098563921e-05
8.466723078747163359e-05
1.738355926958248110e-05
3.399577877299041987e-05
2.041588749155026828e-05
2.132612997212876481e-05
4.971894459260703473e-05
1.600994250194033588e-05
2.473009148389615101e-05
8.235726563749866250e-05
1.976046838724806180e-05
3.766479527812424937e-05
1.778899064193242794e-05
2.706745929019722057e-05
7.017815390840300826e-05
1.925540052034609734e-05
1.200338631300519394e-05
3.114882911546856982e-05
1.135359720642689657e-04
3.758751771623542857e-06
6.618550847952161315e-06
1.337396495991432869e-05
5.632409349556363162e-05
6.478647398677384755e-05
8.152660000895001747e-06
1.479883275593056480e-05
4.315492716941098350e-05
4.469473127581959846e-05
2.217028215666313554e-05
3.397845839549020505e-05
5.199483371600408833e-05
4.792058700676722508e-05
7.676680675609464779e-06
1.506932034056450719e-05
3.879609137415228944e-05
3.816892681379062852e-05
4.760235195070407042e-05
4.267447679130541006e-05
1.879553978994629769e-05
6.541195224627083672e-05
6.002390166905784446e-06
3.810249589798923929e-05
1.493899276437685347e-05
2.985007265973783590e-05
4.109962828265127454e-05
4.516393489931803734e-05
1.282066742252929110e-05
4.254628545956879305e-05
6.768187484853954998e-05
1.287205738033569520e-05
1.972974372772568624e-05
3.240673490558029378e-05
4.505869859050228081e-05
1.677568634713601050e-05
4.055135451103818601e-05
7.428970180658011463e-05
2.145919534304921349e-05
9.517325067692606033e-06
2.382283805548307610e-05
3.674481121828196027e-05
7.290995095813466900e-05
1.199488749051659551e-05
1.997829014130827121e-05
3.004426167503587318e-05
4.569660499150165664e-05
4.188642266062905556e-05
8.868967460577974028e-06
1.497214766688178087e-05
7.881959704795891584e-05
2.901560499400414599e-05
8.715403896200070208e-06
3.672097061457136263e-05
6.734813974614454004e-05
2.534392370823681660e-05
8.840145425078509153e-06
6.673347413457440206e-05
6.579198369366906333e-05
8.266001765032583324e-06
1.273846689684439388e-05
3.123445190742553564e-05
7.203831049788749624e-05
4.231303791194859770e-05
1.117845364768895530e-05
1.185694188144270571e-05
1.538599420356299822e-05
1.463108727906415447e-04
8.359971794426550087e-06
3.005731108673205751e-06
8.189446643030937666e-06
5.885207771529569066e-05
2.181595051097515880e-05
3.044152699469388106e-05
1.789770694048610538e-05
2.769992217654717787e-05
4.308531884825340811e-05
1.087247173494226588e-04
1.688648422416006760e-05
4.889037222122163999e-06
1.120614382385099917e-05
1.389407231265322845e-05
4.158643594265209911e-05
3.408896821688863155e-05
4.917937592845795044e-05
1.913218616366721406e-05
8.865440674392876557e-06
4.336758197981645040e-05
3.609623566207138123e-05
1.007679127789518956e-05
8.307322749747869596e-05
1.208900868774421465e-05
6.655060966017816591e-06
6.562867544892621752e-05
3.161285384893823091e-05
4.659209488027551515e-05
1.793424070490890067e-05
2.933230366914549994e-05
8.408084520337241700e-06
2.014512995448320399e-05
3.915499663119442677e-05
5.249557700073259853e-05
8.439487589959663281e-05
6.601438491781331979e-06
4.496797668962816730e-06
1.226990835082380566e-05
8.637721175949251268e-05
2.650640962214003698e-05
2.566385992069937342e-05
1.165935795335762489e-05
5.421662665298539321e-05
4.197341593674437649e-05
1.622319234533986141e-05
5.750067226540197174e-05
1.006462827500977341e-05
5.761210123984494093e-06
6.947693189315878740e-05
5.701533731684480069e-05
2.107173822963252002e-05
1.724097344743223467e-05
1.490962555261904883e-05
6.007021341142348097e-05
4.018678744167671497e-05
1.298554389162083840e-05
2.144419044854463339e-05
3.824018498015781871e-05
1.485821584353350399e-05
6.019116921709601059e-05
2.135422773476020408e-05
1.476525309596296858e-05
4.144923045163605477e-05
8.178522415136142991e-05
8.222742413617304557e-06
3.276930556992285087e-05
2.736219557537072778e-05
2.529859012509944250e-05
1.247578936450171795e-05
7.543240342076420731e-05
7.792864364718392139e-05
7.956976289343886135e-06
6.214350181244294226e-06
7.634311490542460942e-06
5.776632027537745599e-05
5.114160777427434603e-05
2.192145125721909756e-05
1.747135091172406202e-05
1.264740340216570726e-05
3.331171895570160686e-05
5.765040922113520065e-05
2.979662626980760672e-05
2.570206905558395302e-05
5.378285789216307822e-05
2.615790675504726861e-05
6.394664997407831041e-06
2.161390182894970449e-05
5.812420570791868387e-05
4.808015339634608831e-05
1.205412273823034090e-05
1.460758521520361906e-05
3.496170415345247856e-05
1.801557659131607737e-05
1.402773954260682038e-04
1.414844007633125429e-05
6.422128860769541260e-06
6.765135021057138002e-06
1.177969628981302504e-05
6.410701684426113535e-05
1.796917733082001130e-05
3.469089760216727774e-05
3.685285455631914580e-05
2.677895175914409194e-05
5.379347685944025221e-05
2.343022594892754792e-05
3.090065295714877113e-05
3.984030407135310305e-05
6.803553635008366160e-06
2.448184777869893543e-05
4.398955288235159718e-05
2.612784771361176248e-05
6.063007463023732045e-05
3.517026790702631979e-05
3.763373467926213838e-06
1.874331315368720920e-05
7.901949287995624653e-05
5.414305036817907590e-05
1.431703509310556786e-05
5.204726208178439033e-06
2.011974368942869208e-05
4.241590305488247977e-05
2.649792951697764706e-05
5.180550957685451117e-05
1.663571705476853761e-05
1.459884936392949024e-05
4.952320796423369736e-05
2.906488074070966726e-05
1.807216848483579618e-05
7.569266855356584014e-05
2.374365268601726580e-05
1.602759456123788723e-05
1.114358414224438488e-05
1.152736518268406133e-05
7.043144973170522237e-05
6.017007756834454426e-05
4.576794445571417770e-06
1.910142194349931095e-05
5.452327078469489157e-05
1.946816622639621099e-05
2.556937978390707358e-05
1.377296609390238128e-05
4.107435842120011574e-05
3.456365504256476019e-05
1.369086995528751520e-05
2.063503158019195079e-05
5.957647162986210408e-05
1.549011418309523575e-05
6.252142837785465272e-05
2.323598043969381130e-05
3.736293680196822997e-06
2.658743146062271740e-05
5.770534116883130847e-05
5.443296412593631679e-05
1.366470787155323880e-05
5.658804097521917847e-06
5.972454373892573728e-05
3.970591953132814251e-05
2.395550224862394323e-05
1.704511177025532347e-05
2.340893057305981945e-05
4.507653516867691145e-05
1.586848391770641424e-05
5.412517199411127602e-05
2.345788818593362357e-05
2.848450436378109697e-05
3.775144125939934532e-05
1.391574290418178535e-05
2.863635147551948045e-05
6.165698993046371318e-05
3.285658735072871417e-05
8.555718894288298062e-06
1.528628804444944660e-05
4.580855393183416431e-05
1.292496387454210527e-05
3.030779735260346469e-05
5.465635926807494539e-05
3.728202914285258681e-05
1.079404557742748140e-05
2.187562222520133537e-05
3.626774382002521637e-05
4.939440207531974996e-05
2.007350106340727663e-05
4.489398460542233900e-05
9.388474709306452744e-06
2.824822188790280107e-05
5.524048545700862363e-05
2.327565577823034645e-05
4.410248444366931484e-05
3.196593140376702952e-05
8.942472080272842737e-06
2.622577435456344594e-05
4.217384504762133315e-05
3.431946173525014028e-05
1.895608538275798203e-05
5.581230495319817835e-05
3.440085665112644844e-05
1.876898182376658263e-05
3.973552893166030299e-05
2.552160988938756027e-05
7.482175834008086117e-06
4.532568263238484019e-05
6.118386650491495322e-05
1.137945688627418667e-04
3.071200144423623218e-06
2.609168101899782510e-06
1.101437674465560549e-05
3.359523291473197494e-05
1.449938623661502732e-05
1.232778846635780560e-05
9.788427459814443455e-05
5.291679081458968185e-05
4.665239429212474420e-06
6.014258947497517092e-06
1.164381309155563790e-05
1.551071289780048756e-04
4.468930527588840352e-06
2.552533116535238824e-06
1.153140763700982717e-05
1.083763537527595857e-05
1.177869418929595286e-05
1.337783216609718438e-04
2.990169024907653116e-05
2.708386899998691863e-06
5.678162264474488823e-06
3.943327028197737518e-05
6.615521862612568635e-05
4.845457182955856697e-06
5.843141155014258434e-06
4.429404321301851077e-05
3.899503132731907054e-05
2.613700528655767773e-05
1.607269620206235080e-05
1.163194294934840605e-05
5.948873062262326428e-05
5.969887918404975742e-05
1.310590698324309145e-05
1.108187855697977007e-05
6.669570600319480044e-05
1.613358573999837406e-05
3.411920347825148357e-05
5.035039650614383356e-05
8.274025375175717977e-06
1.879119392362185755e-05
1.717180943964128918e-05
6.596040517278289655e-05
2.777934804073806463e-05
3.959164246228080475e-05
3.907064604134560001e-05
8.702924297784678275e-06
2.320622386348541818e-05
4.323989960204229746e-05
3.811991227420590369e-05
1.528467868463427747e-05
1.405287977628244998e-05
4.506335945601821954e-05
5.043429854261083112e-05
9.175084351248484024e-06
3.307773646241479672e-05
5.812065095353399514e-05
7.539735718508324132e-06
1.766700064885460566e-05
3.117775057319508445e-05
6.233694145623371236e-05
6.576308526182690445e-06
4.210632565890544778e-05
5.158548267515397038e-05
1.037087669398959975e-05
1.173494605357703543e-05
1.201215800903841996e-04
9.078411785245120381e-06
4.695316816367361343e-06
3.515654066472863439e-06
2.034240541798963507e-05
6.457486916421107152e-05
4.047276157326814108e-05
1.110265905307700126e-05
1.748187855928801758e-05
5.301261415994273734e-05
1.072580467525029331e-04
4.157349422197784643e-06
2.621255839779967209e-06
9.940678226091656552e-06
2.842175365995063785e-05
2.982775836492407509e-05
3.579216143841381054e-05
4.377773246741861838e-05
1.175129731471952721e-05
1.782958436969150657e-05
1.743060838192373458e-05
4.336145360105901739e-05
6.810558093331183090e-05
4.960437497748707779e-05
8.362920740330437151e-06
5.205434533673602923e-06
3.985127464657460902e-05
1.248471687767662233e-04
7.271948536535240630e-06
3.595932929990271377e-06
7.639224017828749572e-06
2.847524787624012722e-05
6.790481968220291010e-05
6.336748660487147862e-06
1.224125023772763245e-05
2.634266042308958423e-05
3.785457535425145890e-05
5.685396191735184862e-05
2.268297773694302470e-05
8.420567023367363929e-06
2.305783304123295568e-05
5.180972770912838066e-05
1.980326856046802983e-05
4.411038155050429519e-05
1.380320365612620194e-05
2.087891066597698321e-05
2.862099331803872018e-05
4.280546434960199025e-05
5.788249160411193691e-05
3.974993276805885927e-05
3.108565146009397752e-05
8.862748501229617440e-06
7.265628179084362142e-06
2.237993083846583685e-05
5.179534627814139585e-05
3.851604233152321704e-05
2.348071236198429694e-05
4.671468620936893663e-05
1.523581809271138642e-05
6.595327780456014164e-05
1.628692804607532088e-05
9.378484568868350227e-06
2.955589093014462509e-05
5.646592615679687979e-05
8.905785024018452001e-06
2.099244197414434031e-05
2.485293972034107791e-05
1.684275961875008216e-05
6.906020609763771450e-05
8.494934363794067982e-06
9.960121786242263897e-06
1.011412923014074974e-04
1.181306477527361223e-05
1.154475636181622676e-05
1.349411554910467429e-05
3.232380442038725071e-05
5.595210211518229944e-05
1.506277454899650167e-05
1.853675225943320553e-05
3.067809276731199353e-05
5.186481927481150883e-05
1.094949995598453677e-05
3.015452086634390805e-05
2.743943939660224593e-05
6.166851611835232701e-05
1.329215267315128277e-05
2.690053932228340654e-05
1.861156368562556275e-05
6.859974008414359832e-05
5.676525683067696102e-05
3.552888837903243704e-06
6.622029623464648255e-06
2.123740471746189915e-05
2.454184478249910595e-05
7.458374270966215051e-05
4.954939349490908383e-05
9.355602631367812794e-06
7.164985475807600117e-06
1.412877750050189016e-05
4.981279634089165638e-05
2.557961174881353248e-05
6.558226802666733109e-05
2.825108953671902316e-05
7.563057020039276922e-06
9.884552765156820372e-06
3.259556155486578814e-05
6.339394018918375750e-05
4.449091107975137880e-05
5.372448634238539337e-06
7.558233587977329358e-06
1.886831951054214522e-05
8.139381325394775743e-05
3.511457176239255476e-05
3.208705398448212751e-06
6.347031261407581421e-06
1.126504160477801038e-04
2.297179726018784462e-05
6.365036187652588193e-06
3.544052105048464142e-06
3.884468136266084839e-05
7.654594575228745846e-05
7.048881631393103266e-06
4.912849828892613180e-06
2.190553666950590111e-05
6.434037610041906186e-05
1.059822336462280391e-05
2.586448756741037706e-05
4.997129136258238961e-05
4.847735804241342267e-05
2.816598974381592899e-05
7.471825658227336745e-06
8.121445171309399464e-06
2.608552023720603821e-05
7.595480364262973620e-05
1.851259872630586724e-05
7.136282848284749828e-06
1.843158621117935066e-05
5.973810551496222196e-05
2.109897899428736075e-05
9.073918768426045671e-06
2.430189968053760578e-05
8.400420995400866410e-05
1.252535523597625449e-05
7.103781297002600273e-06
8.549496210992013292e-06
7.399649647051450782e-05
2.296046441139591970e-05
3.060334083548875721e-05
1.025825231700768284e-05
3.804084991796462207e-05
7.106813765584159130e-05
1.764931030380024660e-05
8.195657403440634908e-06
3.685087038649414862e-05
2.662695741998336035e-05
5.425843043187602899e-05
8.876787781986748396e-06
8.974646333122075927e-06
4.625694717612666710e-05
2.769343046218247759e-05
1.895245642757687669e-05
3.333924551080688208e-05
3.193653056949633098e-05
2.911531342862232500e-05
1.107814427437192556e-05
4.338173298234511134e-05
7.561731947715096967e-05
5.328902204401850086e-06
8.170218570137874472e-06
3.975649635745726209e-05
1.545674159990793672e-05
1.423647371775853774e-05
8.196834980671394849e-05
3.846130205773931138e-05
3.824742899004061380e-06
1.213810092775550041e-05
2.981665721139748992e-05
1.053874708069469756e-04
2.309826816846623164e-05
3.467020956924327886e-06
6.040749859379642022e-06
2.428077804634285594e-05
3.494771162757226131e-05
4.635730566124839758e-05
1.503397674658584748e-05
2.907136844937805646e-05
6.006520678583331102e-05
1.907779640159508266e-05
1.470368592638688009e-05
2.396305475970560392e-05
6.225212652792089848e-05
5.436355519494986845e-06
7.801514347928743915e-06
4.415420402900506014e-05
1.021218003569704299e-04
7.348196472913064376e-06
4.029197192015426461e-06
6.801610367593708518e-06
1.748375744684279462e-05
6.041118122280280436e-05
3.863847758837599697e-05
2.312199723656229054e-05
1.400075691050992954e-05
2.329217522729920632e-05
3.458740283543734983e-05
4.150202681889409383e-05
2.962238122222124267e-05
9.432065396470626879e-06
3.709433994963568285e-05
8.521731701948208435e-05
8.195894804944226544e-06
8.915155276991709320e-06
2.122581990317911021e-05
1.065945943680973723e-05
8.452260820805408519e-05
2.558458194228660349e-05
1.668472135624928822e-05
1.153387046986561954e-05
9.345281142603664826e-06
2.925609189780973456e-05
3.550211112775017680e-05
1.440249016294534156e-05
5.066531336589911717e-05
4.337953879642426441e-05
1.673137667667973897e-05
5.572875939905393372e-05
2.403747989087834472e-05
3.708808354230010090e-06
1.883266197481237028e-05
6.625540550902865393e-05
3.139556963554293860e-05
8.652810364580607508e-06
2.764277340991768000e-05
5.722685947388547799e-05
2.182973658989232553e-05
5.325537357471039226e-06
3.926957730026632017e-05
2.939640704647421884e-05
1.694747467703902396e-05
4.330171113616613251e-05
8.367973674510707690e-06
3.191022792534095896e-05
8.967256798157048593e-05
1.828139237442450292e-05
8.775835550427630834e-06
8.477900567387434364e-06
1.701601208965228856e-05
2.213456596352565012e-05
6.115921541262292168e-05
1.614250431606192575e-05
5.674438396070932093e-05
3.809313247653041970e-05
6.785008369227744732e-06
7.899828780985100959e-06
4.323013342712427319e-05
4.523584198424520042e-05
2.068165632516425788e-05
1.016659643543617801e-05
3.612610097062919591e-05
1.164280360415957305e-05
3.247629046614508591e-05
7.852723567478939203e-05
1.440303397794175654e-05
1.553562301782034709e-05
3.575104353874364554e-05
4.159007230855322861e-05
1.391426290162732183e-05
1.945495113927423790e-05
6.652928853418486606e-05
8.951291938126736816e-06
3.266104389688838036e-05
2.560166465951718714e-05
2.685971338425243270e-05
1.041826344232320237e-05
7.805537486912553875e-05
1.442383363868748002e-05
7.070415974569211037e-06
7.150744634891457192e-06
6.481982722498965668e-05
3.758421422746608678e-05
1.155611790626207426e-05
1.354458390470630514e-05
3.067932171397131535e-05
3.334145776317373939e-05
2.006566569361412935e-05
2.824599946986424036e-05
1.341485632367863024e-05
3.998391936240608272e-05
8.554490208274013693e-05
3.707683480903940993e-05
5.878142728120828914e-06
6.609913367071379378e-06
1.180368242601071724e-05
3.342941959972660869e-05
4.711908713543513233e-05
1.550853761845914493e-05
4.899339371875067312e-05
2.588349927976732974e-05
1.021341793937901111e-05
1.098240818469597491e-05
9.271663113859426582e-05
1.625808699336794261e-05
6.675601788288998545e-06
4.019640241640901919e-05
1.084955914117665314e-05
3.571878672260586320e-05
7.970420778345803641e-05
5.966033678638460946e-06
3.453889389762552025e-06
1.131218607483540146e-05
4.224794278211794888e-05
1.919703181363591619e-05
1.763230598060842782e-05
6.550634899422858243e-05
1.209514653472233960e-05
8.920515643287757070e-06
4.000866410386132686e-05
2.904138173787513118e-05
1.823359756946840856e-05
5.681562269118584297e-05
5.868422989206008268e-05
2.153945019362846482e-05
8.213284991415912734e-06
5.518309435787468519e-06
2.063099434452516566e-05
2.695128170885082672e-05
4.914572466894172060e-05
3.240916055759967353e-05
8.579450933092265150e-06
6.092163730562666265e-05
3.092832898053071662e-05
1.154403262198705638e-05
2.160795870667632740e-05
3.173808865938622912e-05
2.062743613233314680e-05
2.206477985256983742e-05
8.070253425503191164e-05
2.926829388764075348e-05
1.691113199232119126e-05
5.251370676952095694e-06
1.183738980457262500e-05
1.911890761608014765e-05
5.483551746094536225e-05
2.179250438773649352e-05
2.112312665575407877e-05
2.016803059688432727e-05
3.432269079077306144e-05
2.558479785449021976e-05
3.864243472274415817e-05
1.221466963863638803e-05
2.592713742026963951e-05
2.217094100864685480e-05
3.853688751771672011e-05
3.716973218098317688e-05
1.576604393753263289e-05
4.065385914867836002e-05
8.443006070982211452e-05
6.955693083048657553e-06
3.541381860425766129e-06
4.092093930196661873e-05
5.196098906203149833e-05
5.846540088499276367e-06
8.972994445261913988e-06
3.065484905558928564e-05
1.154765086527432741e-04
1.482946505779644628e-05
5.168381149965323270e-06
6.234615153130943464e-06
1.155818725239239274e-05
2.686597348346167911e-05
4.700036528524100373e-05
3.021818892271640019e-05
1.669911336911570092e-05
3.642080113311382101e-05
3.251701720187235981e-05
2.737790782682882626e-05
1.300356725670160344e-05
7.319163778948611183e-05
2.389611502642151989e-05
5.714081105416740656e-06
1.134081619745679058e-05
3.337696741847952665e-05
3.053713205960115174e-05
9.168706998644762497e-06
3.565210401507023537e-05
7.314062924575453605e-05
2.068532048813490415e-05
1.144471329502334035e-05
1.638210938196719502e-05
4.772021254457103136e-05
4.223403797999699825e-05
6.497953956588989156e-06
1.533818762588846669e-05
3.438629547911494996e-05
2.319055124480204967e-05
2.294473214640740361e-05
3.675659407642510281e-05
1.042202458546751751e-04
4.533922390726112242e-06
6.608478281816508220e-06
7.880256450355968941e-06
1.664000123122809141e-05
1.997724886453169289e-05
2.446789364808260838e-05
6.330367481499907321e-05
2.048365865846354537e-05
1.258668479882399136e-05
1.683846807905051593e-05
6.241533983325656479e-05
1.624652759796190105e-05
2.160880058944296945e-05
1.003721147235178836e-04
4.585218120239482720e-06
4.434887709591068779e-06
1.471725032049119599e-05
2.808840584409923573e-05
4.543644043408513441e-05
1.208955306492412675e-05
2.148501934609540958e-05
4.044088779330408086e-05
2.835617647913808373e-05
2.108599654445428618e-05
2.778195913183748372e-05
5.697116098701984446e-05
3.038142221794350894e-05
9.520830386650876501e-06
1.367470712300074308e-05
2.088804357033129664e-05
4.972577336734476238e-05
1.074447749702135137e-05
2.344733341920353286e-05
2.763974521119301386e-05
1.333074735883161627e-05
4.397726699999385356e-05
4.663668002589797698e-05
1.700533715602312246e-05
2.502669977485190916e-05
5.117197546798605802e-05
4.228253474565219736e-05
1.110574855288610676e-05
7.009367803149187446e-06
2.214715963271018758e-05
3.771950757279826102e-05
4.495812546670186648e-05
2.407069021144219774e-05
1.636585053944754735e-05
2.271725363672338574e-05
3.931761125727348570e-05
2.136063890651476943e-05
1.451440341583921198e-05
8.082841030823998633e-05
1.954340080982344373e-05
4.689774419601235879e-06
2.282496668271316622e-05
2.589188957053479149e-05
2.325107278711957448e-05
9.522861844543175117e-06
3.313516532068154936e-05
5.125376523649674684e-05
1.401148028198024281e-05
3.586049164059560405e-05
3.371208952544904386e-05
6.057361149876085214e-05
1.089108130927183539e-05
6.886673798286438264e-06
1.596202632181998877e-05
1.547812232836314058e-05
4.986307728502301307e-05
1.716181177281378827e-05
4.894726299805647634e-05
1.002784512810955625e-05
5.291286437074291363e-05
6.574735442891623503e-05
4.482296524182510128e-06
3.427965037416900041e-06
7.329394352488801034e-06
2.403110325956665599e-05
4.341966846044677079e-05
1.450753990114155722e-05
6.766179103154617539e-05
3.100040151893989010e-05
7.221568445762922804e-06
5.502346170257044228e-06
6.043101775138914232e-05
1.854140330532588372e-05
1.137833463288989475e-05
5.686932914836311345e-05
3.288218966517375200e-05
1.901030442066315931e-05
9.274191053291974500e-06
5.633587482949750788e-05
1.905466275494521091e-05
6.652191861282716344e-06
1.704247458747734639e-05
5.936466334516191763e-05
5.601709543252108003e-05
5.788158300112511225e-06
1.388271968192219929e-05
2.988567219085949548e-05
3.830870645292431008e-05
1.769954300834474141e-05
1.341278683409807459e-05
3.047562757025219635e-05
1.212184903023255856e-04
3.053271094387926711e-06
3.178261199164528197e-06
1.098288433835784861e-05
4.233052540937807655e-05
2.004679267490579709e-05
6.163557643969192393e-06
2.883491163064906768e-05
3.134169872438833597e-05
1.299069674937158144e-05
6.409187103172009239e-05
1.954982327702134274e-05
3.361636745985206129e-05
6.174511920107155221e-05
3.262709263272067351e-06
5.523160221081884714e-06
1.769133363822743149e-05
1.632484427992371163e-05
6.794168684103702675e-05
5.466581211226914221e-05
4.362226236843303690e-06
5.370137291802643666e-06
1.482813156152383058e-05
8.014456862703752934e-05
6.033148440586595315e-05
7.359106724203844216e-06
8.046535696375492093e-06
6.568443334348202900e-06
1.342120251272874833e-05
3.432083492839549469e-05
2.788873107275471013e-05
1.350610100494602230e-05
5.941541052862441366e-05
3.651675048570997517e-05
7.934117275999264321e-06
8.939527959752039909e-06
2.606368167237084756e-05
3.944116334634428762e-05
2.303604235392431028e-05
4.342600301729907127e-05
1.265977777301391003e-05
1.057048883900185487e-04
1.464746182063435392e-05
4.294315305405195625e-06
4.105759264433569243e-06
3.076695842561489658e-05
2.332295833198355420e-05
1.950213995032495009e-05
1.753346286903059633e-05
4.369960240173797886e-05
3.820163596428469529e-05
1.075494760144246071e-05
1.195019284458083700e-05
7.106484466636676716e-05
1.744026152250057073e-05
1.270307298168462169e-05
2.197679690630449290e-05
3.036018154934888881e-05
3.570505672510394129e-05
4.309986384877630632e-05
1.597433960731472260e-05
1.693833032454769276e-05
3.154349186618344994e-05
7.116192975307306622e-05
5.338109136856683064e-06
1.059642861452087754e-05
5.532003578205916033e-06
2.688351739966701165e-05
5.479730830272485894e-05
4.987446319262258049e-05
8.331434662789395879e-06
2.472438625626180697e-05
2.879434795278485316e-05
1.219251861175947135e-05
6.645302776226883834e-05
4.583413601888671439e-05
7.376162744789852456e-06
6.562212302096640936e-06
1.871292546028499148e-05
3.394252006198434344e-05
4.645632187038744996e-05
1.776965411076070935e-05
1.566260410193899460e-05
2.750831010371676820e-05
6.486301432723887736e-05
2.278824437901837716e-05
6.577693981646177522e-06
8.321960007845464652e-06
3.249614868723572984e-05
4.685293379260543260e-05
2.171033075265705453e-05
1.157785696916441313e-05
4.492557369222925504e-05
2.165335792713612542e-05
3.029777210938745764e-05
2.070569749306494194e-05
2.867429291579683934e-05
1.788215949769110223e-05
1.199447727759460161e-05
4.828608063959019119e-05
3.475839024246517517e-05
1.703692682658157790e-05
3.343248684782803730e-05
2.097725650923043064e-05
3.895679496103370524e-05
3.951503806946694153e-05
5.588574189973901141e-06
7.993136807313917157e-06
3.487477109421056285e-05
3.119498925922051361e-05
1.476408163132861044e-05
4.185267464392850945e-05
5.095872377811934287e-05
8.621366513308697052e-06
6.357780399772997268e-06
2.505613357681548388e-05
5.286027995262316165e-05
4.901858145867939295e-05
1.078388563731878984e-05
7.456367111644728557e-06
2.232137733256974295e-05
4.196512432438418414e-05
2.665091702314046146e-05
3.806067344288806205e-05
1.565143449668727276e-05
2.840238276153705171e-05
6.699694897772541491e-05
1.320795537690192271e-05
9.758307376686869915e-06
2.176652938836554657e-05
1.170398263745144368e-05
4.288299527496483370e-05
7.075521641622028112e-05
8.319642116653733918e-06
8.188929704951593055e-06
2.748304867835175573e-05
5.524420162750883265e-05
3.779309634393742816e-05
6.373472191388603968e-06
1.737374699046569340e-05
1.360843253047791639e-05
7.841836046671102562e-05
2.953665604397147007e-05
4.370509086970107732e-06
1.700267122445402372e-05
2.678646281068298012e-05
2.686929585775767868e-05
2.389568901508256225e-05
5.014759581898599951e-05
4.349669585305382630e-05
6.973892847899920247e-06
1.446032004291377314e-05
2.236896855588023665e-05
3.099007439642026456e-05
1.436656862291618102e-05
5.887643607818670037e-05
1.044733710667017395e-04
3.732402952276695758e-06
3.048973070333601263e-06
5.159649473977004128e-06
1.529436833359928752e-05
5.552124063686012136e-05
2.342803450725013212e-05
5.611454927139433538e-06
3.036134990414375836e-05
2.274945194294454676e-05
2.451171288097126770e-05
6.285464880908813877e-05
3.032167575543601358e-05
1.288012977022654228e-05
2.212127333377236784e-05
1.464464188422537200e-05
3.718879510052849777e-05
2.153066972205734458e-05
1.037547405908653124e-05
3.148172644545131160e-05
4.153329829384631269e-05
1.800115541915851616e-05
2.260234796225039450e-05
4.548211414576373938e-05
2.446388561161038221e-05
9.690601178991698397e-06
4.226093372359887872e-05
4.033876412615422990e-05
1.586765707918227257e-05
1.732274393774649670e-05
3.350842772632346077e-05
4.296051795406055044e-05
9.659470705772089531e-06
6.953746457458919360e-06
6.781565121216985537e-05
2.829470996879478040e-05
8.672029057596096041e-06
6.916934503882379753e-06
7.961132938573761892e-05
1.860384867229795234e-05
6.594885767223003333e-06
2.520297818907739373e-05
3.060552065921235451e-05
4.839915027277046615e-05
3.468440370230791976e-05
1.163892590131884978e-05
1.209071305949984448e-05
3.734121771643068611e-05
3.542432983384106467e-05
1.725300410121033033e-05
1.403482968278591419e-05
3.997076594272227064e-05
3.256596032708048186e-05
1.643669596463284105e-05
8.077054090823658478e-06
4.625273772956255537e-05
3.375178023265795784e-05
1.876835075587114621e-05
5.679234726726290004e-05
8.225638220603661546e-06
1.170834687717509600e-05
2.484589762085811875e-05
2.009644047353780001e-05
2.227075272187892564e-05
5.359195234124417012e-05
1.070328030331372819e-05
5.192278999331265078e-05
3.394600594303152485e-05
5.565393601279914830e-06
1.111825657556171800e-05
2.232436673103615200e-05
3.723236970085991049e-05
2.891735648011962138e-05
4.349592889303227221e-05
2.458652644729972250e-05
1.140524629259854258e-05
2.480581628511917017e-05
4.035049940266219375e-05
1.232771654929924947e-05
1.238010929264811286e-05
4.419778353977949674e-05
1.604745307286577536e-05
6.935110728585239638e-05
1.035265611675678799e-05
6.484594535698585241e-06
3.901946786806328229e-05
1.674322368132357409e-05
3.881300635320329863e-05
5.346358200502928688e-05
1.412200623718632621e-05
5.653008834306524693e-06
3.050554271726087539e-05
5.106606791434893774e-05
3.096143472627646532e-05
1.297988585805348099e-05
1.257278895198812362e-05
4.994016166111494805e-05
2.257230140452118390e-05
